0 2 118 124
0 3 118 124
0 4 118 124
0 5 118 124
0 6 118 124
0 7 118 124
0 8 118 124
0 9 14 65
0 10 13 65
0 11 13 65
0 12 11 64
0 13 10 62
0 14 11 60
0 15 11 61
0 16 11 61
6 0 118 124
6 1 118 124
6 2 118 124
6 3 118 124
6 4 118 124
20 0 120 124
20 1 122 124
20 2 121 124
20 3 122 124
20 4 122 124
20 5 122 124
20 6 122 124
20 7 122 124
20 8 122 124
20 9 122 124
40 0 122 124
40 1 122 124
100 0 32 54
100 1 32 54
100 2 32 54
120 0 12 60
120 1 12 60
120 2 12 60
200 0 119 124
200 1 119 124
200 2 12 61
200 4 18 21
210 0 13 56
210 1 8 54
210 2 20 52
210 3 21 52
210 4 20 51
210 5 21 52
210 6 19 51
230 0 64 18
230 1 64 18
230 2 65 18
230 3 64 18
230 4 64 18
230 5 118 18
230 6 64 18
230 7 64 18
230 8 64 18
230 9 64 18
230 10 3 4
900 0 419 408
900 1 419 408
900 2 419 408
900 3 419 408
900 4 419 408
900 5 419 408
900 6 419 408
900 7 419 408
900 8 419 408
900 9 419 408
900 10 419 408
900 11 419 408
900 12 419 408
900 13 419 408
901 0 227 229
901 1 227 229
901 2 227 229
901 3 227 229
901 4 227 229
901 5 227 229
901 6 227 229
901 7 227 229
901 8 227 229
901 9 227 229
901 10 227 229
901 11 227 229
901 12 227 229
901 13 227 229
902 0 282 255
902 1 282 255
902 2 282 255
902 3 282 255
903 0 500 472
903 1 500 472
903 2 500 472
903 3 500 472
903 4 500 472
903 5 500 472
903 6 500 472
903 7 500 472
903 8 500 472
903 9 500 472
904 0 222 222
904 1 222 222
904 2 222 222
904 3 222 222
904 4 222 222
904 5 222 222
904 6 222 222
904 7 222 222
904 8 222 222
904 9 222 222
904 10 222 222
904 11 222 222
905 0 400 400
905 1 400 400
905 2 400 400
905 3 400 400
905 4 400 400
905 5 400 400
905 6 400 400
905 7 400 400
905 8 400 400
905 9 400 400
905 10 400 400
905 11 400 400
905 12 400 400
905 13 400 400
910 0 233 394
910 1 233 394
910 2 233 394
910 3 233 394
910 4 233 394
910 5 233 394
910 6 233 394
910 7 233 394
910 8 233 394
910 9 233 394
910 10 233 394
910 11 233 394
911 0 195 255
911 1 195 255
911 2 195 255
911 3 195 255
911 4 195 255
911 5 195 255
911 6 195 255
911 7 195 255
912 0 102 102
912 1 102 102
912 2 102 102
912 3 102 102
912 4 102 102
912 5 102 102
912 6 102 102
912 7 102 102
912 8 102 102
912 9 102 102
912 10 102 102
912 11 102 102
912 12 102 102
912 13 102 102
912 14 102 102
912 15 102 102
912 16 102 102
912 17 102 102
912 18 102 102
912 19 102 102
912 20 102 102
912 21 102 102
912 22 102 102
914 0 408 224
914 1 408 224
914 2 408 224
914 3 408 224
914 4 408 224
914 5 408 224
914 6 408 224
914 7 408 224
915 0 408 224
915 1 408 224
915 2 408 224
915 3 408 224
915 4 408 224
915 5 408 224
915 6 408 224
915 7 408 224
916 0 273 184
916 1 273 184
916 2 273 184
916 3 273 184
916 4 273 184
916 5 273 184
916 6 273 184
916 7 273 184
917 0 286 192
917 1 286 192
917 2 286 192
917 3 286 192
917 4 286 192
917 5 286 192
917 6 286 192
917 7 286 192
918 0 301 304
918 1 301 304
918 2 301 304
918 3 301 304
918 4 301 304
918 5 301 304
918 6 301 304
918 7 301 304
919 0 335 280
919 1 335 280
919 2 335 280
919 3 335 280
919 4 335 280
919 5 335 280
919 6 335 280
919 7 335 280
920 0 231 177
920 1 231 177
920 2 231 177
920 3 231 177
920 4 231 177
920 5 231 177
920 6 231 177
920 7 231 177
921 0 240 221
921 1 240 221
921 2 240 221
921 3 240 221
921 4 240 221
921 5 240 221
921 6 240 221
921 7 240 221
922 0 180 187
922 1 180 187
922 2 180 187
922 3 180 187
922 4 180 187
922 5 180 187
922 6 180 187
922 7 180 187
923 0 237 227
923 1 237 227
923 2 237 227
923 3 237 227
923 4 237 227
923 5 237 227
923 6 237 227
923 7 237 227
924 0 117 113
924 2 117 113
924 3 117 113
924 4 117 113
924 5 117 113
924 6 117 113
924 7 117 113
924 8 117 113
924 9 117 113
924 10 117 113
924 11 117 113
924 12 117 113
926 0 161 160
926 1 161 160
926 2 161 160
926 3 161 160
926 4 161 160
926 5 161 160
926 6 161 160
926 7 161 160
926 8 161 160
926 9 161 160
926 10 161 160
926 11 161 160
927 0 127 700
927 1 127 700
927 2 127 700
927 3 127 700
927 4 127 700
927 5 127 700
927 6 127 700
927 7 127 700
927 8 127 700
928 0 266 87
928 1 266 87
928 2 266 87
928 3 266 87
928 4 266 87
928 5 266 87
928 6 266 87
928 7 266 87
928 8 266 87
928 9 266 87
928 10 266 87
928 11 266 87
928 12 266 87
928 13 266 87
929 0 163 441
929 1 163 441
929 2 163 441
929 3 163 441
929 4 163 441
929 5 163 441
931 0 244 69
931 1 244 69
931 2 244 69
931 3 244 69
931 4 244 69
931 5 244 69
931 6 244 69
931 7 244 69
931 8 244 69
931 9 244 69
931 10 244 69
932 0 199 198
932 1 199 198
932 2 199 198
932 3 199 198
932 4 199 198
932 5 199 198
932 6 199 198
932 7 199 198
932 8 199 198
932 9 199 198
932 10 199 198
932 11 199 198
932 12 199 198
932 13 199 198
932 14 199 198
932 15 199 198
933 0 83 64
933 1 83 64
933 2 83 64
933 3 83 64
933 4 83 64
933 5 83 64
933 6 83 64
933 7 83 64
933 8 83 64
933 9 83 64
933 10 83 64
933 11 83 64
933 12 83 64
933 13 83 64
933 14 83 64
933 15 83 64
933 16 83 64
934 0 53 54
934 1 53 54
934 2 53 54
934 3 53 54
934 4 53 54
934 5 53 54
934 6 53 54
934 7 53 54
934 8 53 54
934 9 53 54
934 10 53 54
934 11 53 54
934 12 53 54
934 13 53 54
934 14 53 54
934 15 53 54
934 16 53 54
934 17 53 54
934 18 53 54
935 0 306 172
935 1 306 172
935 2 306 172
935 3 306 172
935 4 306 172
935 5 306 172
935 6 306 172
935 7 306 172
935 8 306 172
935 9 306 172
935 10 306 172
935 11 306 172
935 12 306 172
935 13 306 172
935 14 306 172
935 15 306 172
935 16 306 172
935 17 306 172
935 18 306 172
935 19 306 172
935 20 306 172
935 21 306 172
935 22 306 172
935 23 306 172
935 24 306 172
935 25 306 172
935 26 306 172
935 27 306 172
935 28 306 172
935 29 306 172
936 0 216 259
936 1 216 259
936 2 216 259
936 3 216 259
936 4 216 259
936 5 216 259
936 6 216 259
936 7 216 259
936 8 216 259
936 9 216 259
936 10 216 259
936 11 216 259
936 12 216 259
936 13 216 259
937 0 257 241
937 1 257 241
937 2 257 241
937 3 257 241
937 4 257 241
938 0 28 166
938 1 28 166
938 2 28 166
938 3 28 166
938 4 28 166
938 5 28 166
938 6 28 166
938 7 28 166
938 8 28 166
939 0 260 261
939 1 260 261
939 2 260 261
939 3 260 261
939 4 260 261
939 5 260 261
939 6 260 261
939 7 260 261
939 8 260 261
939 9 260 261
939 10 260 261
940 0 270 274
940 1 270 274
940 2 270 274
940 3 270 274
940 4 270 274
940 5 270 274
940 6 270 274
940 7 270 274
941 0 171 414
941 1 171 414
941 2 171 414
941 3 171 414
941 4 171 414
941 5 171 414
941 6 171 414
941 7 171 414
941 8 171 414
941 9 171 414
941 10 171 414
941 11 171 414
941 12 171 414
941 13 171 414
941 14 171 414
941 15 171 414
941 16 171 414
941 17 171 414
941 18 171 414
941 19 171 414
941 20 171 414
941 21 171 414
941 22 171 414
941 23 171 414
941 24 171 414
941 25 171 414
941 26 171 414
941 27 171 414
941 28 171 414
941 29 171 414
941 30 171 414
942 0 16 0
943 0 26 32
943 1 33 45
943 2 26 29
943 3 26 22
947 0 306 220
948 0 320 286
948 1 320 286
948 2 320 286
948 3 320 286
1000 0 461 466
1000 1 640 626
1000 2 121 125
1000 3 640 626
1001 0 121 125
1001 1 121 125
1001 2 121 125
1001 3 121 125
1001 4 121 125
1001 5 121 125
1001 6 121 125
1001 7 121 125
1001 8 121 125
1001 9 121 125
1001 10 121 125
1001 11 121 125
1001 12 121 125
1001 13 121 125
1001 14 121 125
1001 15 121 125
1001 16 121 125
1001 17 121 125
1002 0 121 125
1002 1 121 125
1002 2 121 125
1002 3 121 125
1002 4 121 125
1002 5 121 125
1002 6 121 125
1002 7 121 125
1002 8 121 125
1002 9 121 125
1002 10 121 125
1002 11 121 125
1002 12 121 125
1002 13 121 125
1002 14 121 125
1002 15 121 125
1002 16 121 125
1002 17 121 125
1002 18 121 125
1002 19 121 125
1002 20 121 125
1003 0 330 329
1003 1 330 329
1003 2 330 329
1003 3 330 329
1003 4 330 329
1003 5 330 329
1003 6 330 329
1003 7 330 329
1003 8 330 329
1003 9 330 329
1003 10 330 329
1004 0 500 500
1004 1 500 500
1004 2 500 500
1004 3 500 500
1004 4 500 500
1004 5 500 500
1004 6 500 500
1004 7 500 500
1004 8 500 500
1004 9 500 500
1004 10 500 500
1004 11 500 500
1004 12 500 500
1004 13 500 500
1004 14 500 500
1004 15 500 500
1004 16 500 500
1004 17 500 500
1004 18 500 500
1004 19 500 500
1004 20 500 500
1004 21 500 500
1004 22 500 500
1004 23 500 500
1004 24 500 500
1004 25 500 500
1004 26 500 500
1004 27 500 500
1004 28 500 500
1004 29 500 500
1004 30 500 500
1004 31 500 500
1004 32 500 500
1004 33 500 500
1004 34 500 500
1004 35 500 500
1004 36 500 500
1004 37 500 500
1004 38 500 500
1004 39 500 500
1005 0 401 368
1005 1 401 368
1005 2 401 368
1005 3 401 368
1005 4 401 368
1005 5 401 368
1005 6 401 368
1005 7 401 368
1005 8 401 368
1005 9 401 368
1005 10 401 368
1005 11 401 368
1005 12 401 368
1005 13 401 368
1005 14 401 368
1005 15 401 368
1005 16 401 368
1005 17 401 368
1006 0 192 192
1006 1 192 192
1006 2 192 192
1006 3 192 192
1006 4 192 192
1006 5 192 192
1006 6 192 192
1006 7 192 192
1006 8 192 192
1006 9 192 192
1006 10 192 192
1006 11 192 192
1006 12 192 192
1006 13 192 192
1006 14 192 192
1006 15 192 192
1006 16 192 192
1006 17 192 192
1006 18 192 192
1006 19 192 192
1006 20 192 192
1006 21 192 192
1006 22 192 192
1006 23 192 192
1006 24 192 192
1006 25 192 192
1006 26 192 192
1006 27 192 192
1006 28 192 192
1007 0 305 521
1007 1 305 521
1007 2 305 521
1007 3 305 521
1007 4 305 521
1007 5 305 521
1007 6 305 521
1007 7 305 521
1007 8 305 521
1007 9 305 521
1007 10 305 521
1007 11 305 521
1007 12 305 521
1007 13 305 521
1007 14 305 521
1007 15 305 521
1007 16 305 521
1007 17 305 521
1007 18 305 521
1007 19 305 521
1007 20 305 521
1007 21 305 521
1007 22 305 521
1007 23 305 521
1007 24 305 521
1007 25 305 521
1007 26 305 521
1007 27 305 521
1007 28 305 521
1007 29 305 521
1008 0 37 571
1008 1 62 584
1008 2 70 587
1008 3 68 586
1009 9 320 543
1009 10 320 543
1009 11 320 543
1009 12 320 543
1009 13 320 543
1009 14 320 543
1009 15 320 543
1009 16 320 543
1009 17 320 543
1009 18 320 543
1009 19 320 543
1009 20 320 543
1009 21 320 543
1009 22 320 543
1009 23 320 543
1009 24 320 543
1009 25 320 543
1009 26 320 543
1009 27 320 543
1009 28 320 543
1009 29 320 543
1009 30 320 543
1009 31 320 543
1009 32 320 543
1009 33 320 543
1009 34 320 543
1009 35 320 543
1009 36 320 543
1009 37 320 543
1009 38 320 543
1010 0 1276 123
1011 0 1278 406
1012 0 320 240
1012 1 320 240
1012 2 320 240
1012 3 320 240
1012 4 320 240
1012 5 320 240
1012 6 320 240
1012 7 320 240
1012 8 320 240
1012 9 320 240
1012 10 320 240
1012 11 320 240
1012 12 320 240
1012 13 320 240
1012 14 320 240
1012 15 320 240
1012 16 320 240
1012 17 320 240
1012 18 320 240
1012 19 320 240
1012 20 320 240
1012 21 320 240
1012 22 320 240
1012 23 320 240
1012 24 320 240
1012 25 320 240
1012 26 320 240
1012 27 320 240
1012 28 320 240
1012 29 320 240
1012 30 320 240
1012 31 320 240
1013 0 105 107
1013 1 761 801
1014 0 240 131
1014 1 240 131
1014 2 240 131
1014 3 240 131
1015 0 320 240
1015 1 320 240
1015 2 320 240
1016 0 256 254
1016 1 256 254
1016 2 256 254
1016 3 256 254
1016 4 256 254
1016 5 256 254
1016 6 256 254
1016 7 256 254
1016 8 256 254
1016 9 256 254
1016 10 256 254
1016 11 256 254
1016 12 256 254
1016 13 256 254
1016 14 256 254
1016 15 256 254
1017 1 836 666
1018 0 1976 2482
1019 0 452 218
1019 1 452 218
1019 2 452 218
1019 3 452 218
1019 4 452 218
1019 5 452 218
1019 6 452 218
1019 7 452 218
1019 8 124 118
1019 9 124 118
1020 0 204 132
1020 1 204 132
1020 2 204 132
1020 3 204 132
1020 4 204 132
1020 5 204 132
1020 6 204 132
1020 7 204 132
1020 8 204 132
1020 9 204 132
1020 10 204 132
1020 11 204 132
1020 12 204 132
1020 13 204 132
1021 7 69 193
1021 8 68 179
1021 9 86 192
1021 10 89 175
1021 11 85 172
1021 12 85 170
1021 13 87 171
1021 14 93 147
1021 15 204 132
1022 0 343 266
1022 1 343 266
1022 2 343 266
1022 3 343 266
1023 0 117 351
1023 1 117 351
1023 2 117 351
1023 3 117 351
1023 4 117 351
1023 5 117 351
1023 6 117 351
1023 7 117 351
1023 8 117 351
1023 9 117 351
1023 10 117 351
1023 11 117 351
1023 12 117 351
1023 13 117 351
1023 14 117 351
1023 15 117 351
1023 16 117 351
1023 17 117 351
1023 18 117 351
1023 19 117 351
1024 0 640 480
1024 1 640 480
1024 2 640 480
1024 3 640 480
1024 4 640 480
1024 5 640 480
1024 6 640 480
1024 7 640 480
1024 8 640 480
1024 9 640 480
1024 10 640 480
1024 11 640 480
1024 12 640 480
1024 13 640 480
1024 14 640 480
1024 15 640 480
1024 16 640 480
1024 17 640 480
1024 18 640 480
1024 19 640 480
1024 20 640 480
1024 21 640 480
1024 22 640 480
1024 23 640 480
1024 24 640 480
1024 25 640 480
1024 26 640 480
1024 27 640 480
1024 28 640 480
1024 29 640 480
1024 30 640 480
1024 31 640 480
1024 32 640 480
1024 33 640 480
1024 34 640 480
1024 35 640 480
1024 36 640 480
1024 37 640 480
1024 38 640 480
1024 39 640 480
1024 40 640 480
1024 41 640 480
1024 42 640 480
1024 43 640 480
1024 44 640 480
1024 45 640 480
1024 46 640 480
1024 47 640 480
1024 48 640 480
1024 49 640 480
1024 50 640 480
1024 51 640 480
1024 52 640 480
1024 53 640 480
1024 54 640 480
1024 55 640 480
1024 56 640 480
1025 0 7 152
1025 1 7 149
1025 2 3 120
1026 0 7 121
1026 1 5 25
1026 2 14 31
1027 0 239 214
1027 1 239 214
1027 2 239 214
1027 3 239 214
1027 4 239 214
1027 5 239 214
1027 6 239 214
1027 7 239 214
1027 8 239 214
1027 9 239 214
1027 10 239 214
1027 11 239 214
1027 12 239 214
1027 13 239 214
1027 14 239 214
1027 15 239 214
1028 0 262 260
1028 1 262 260
1028 2 262 260
1028 3 262 260
1028 4 262 260
1028 5 262 260
1028 6 262 260
1028 7 262 260
1028 8 262 260
1028 9 262 260
1028 10 262 260
1028 11 262 260
1028 12 262 260
1028 13 262 260
1028 14 262 260
1028 15 262 260
1028 16 262 260
1028 17 262 260
1028 18 262 260
1028 19 262 260
1028 20 262 260
1028 21 262 260
1028 22 262 260
1028 23 262 260
1029 0 228 45
1029 1 228 45
1029 2 228 45
1029 3 228 45
1029 4 228 45
1029 5 228 45
1029 6 228 45
1029 7 228 45
1029 8 228 45
1029 9 228 45
1029 10 228 45
1029 11 228 45
1029 12 228 45
1029 13 228 45
1029 14 228 45
1029 15 228 45
1029 16 228 45
1029 17 228 45
1029 18 228 45
1029 19 228 45
1029 20 228 45
1029 21 228 45
1029 22 228 45
1029 23 228 45
1029 24 228 45
1029 25 228 45
1030 0 318 350
1030 1 318 350
1030 2 318 350
1030 3 318 350
1030 4 318 350
1030 5 318 350
1030 6 318 350
1030 7 318 350
1030 8 318 350
1030 9 318 350
1030 10 318 350
1030 11 318 350
1031 0 324 142
1031 1 324 142
1031 2 324 142
1031 3 324 142
1031 4 324 142
1031 5 324 142
1031 6 324 142
1031 7 324 142
1031 8 324 142
1031 9 324 142
1031 10 324 142
1031 11 324 142
1031 12 324 142
1031 13 324 142
1153 1 67 88
1153 2 67 88
1153 3 67 88
1153 4 67 88
1153 5 67 88
1153 6 67 88
1153 7 67 88
1153 8 67 88
1153 9 67 88
1153 10 67 88
1153 11 67 88
1153 12 67 88
1153 13 67 88
1556 0 132 214
1556 1 132 214
1556 2 132 214
1556 3 132 214
1556 4 132 214
1556 5 132 214
1556 6 132 214
1556 7 132 214
1556 8 132 214
1556 9 132 214
1556 10 132 214
1556 11 132 214
1556 12 132 214
1556 13 132 214
1556 14 132 214
1556 15 132 214
1556 16 132 214
1556 17 132 214
1556 18 132 214
1556 19 132 214
1556 20 132 214
1556 21 132 214
1556 22 132 214
1556 23 132 214
1556 24 132 214
1556 25 132 214
1556 26 132 214
3100 0 119 124
3100 1 119 124
3100 2 119 125
3100 3 118 124
3100 4 118 124
3100 5 118 124
3100 6 118 124
3100 7 10 63
3100 8 18 63
3100 9 15 63
3100 10 18 63
3100 11 18 63
3100 12 20 61
3100 13 20 61
3100 14 20 61
3100 15 20 61
3300 0 325 610
3301 0 98 122
3301 1 96 123
3301 2 99 123
3301 3 103 122
5000 0 10 55
5000 10 10 55
5000 20 10 55
5001 0 10 55
5001 10 10 55
5001 20 10 55
5002 0 10 55
5002 10 10 55
5002 20 10 55
5010 0 12 47
5010 10 12 47
5010 20 12 47
5011 0 12 47
5011 10 12 47
5011 20 12 47
5012 0 12 47
5012 10 12 47
5012 20 12 47
5020 0 9 58
5020 10 12 47
5020 20 11 43
5030 0 12 47
5030 10 11 43
5030 20 44 23
5030 30 49 27
5030 40 48 16
5030 50 48 16
5031 0 12 47
5031 10 11 43
5031 20 44 23
5031 30 49 27
5031 40 48 16
5031 50 48 16
5032 0 14 56
5032 10 37 44
5032 20 44 23
5032 30 49 27
5032 40 48 16
5032 50 48 16
5040 0 44 22
5040 10 44 22
5040 20 48 26
5041 0 48 16
5041 10 44 22
5041 20 48 16
5042 0 44 23
5042 10 48 27
5042 20 48 27
5050 0 9 57
5050 1 12 43
5050 2 11 43
5050 3 44 23
5050 4 48 27
5050 5 48 16
5050 8 37 44
5050 9 48 27
5050 10 48 16
5050 11 44 22
5050 12 32 37
5050 13 35 40
5050 14 31 40
7000 0 38 41
7000 1 38 41
7000 2 38 41
7000 3 38 41
7000 4 38 41
7000 5 38 41
7000 6 38 41
7000 7 38 41
7000 8 38 41
7000 9 38 41
7000 10 38 41
7000 11 38 41
7000 12 38 41
7000 13 38 41
7000 14 38 41
7000 15 38 41
7000 16 38 41
7000 17 38 41
7000 18 38 41
7001 0 110 8
7010 0 86 35
7010 1 86 35
7010 2 86 35
7010 3 86 35
7010 4 86 35
7010 5 86 35
7010 6 86 35
7010 7 86 35
7010 8 86 35
7010 9 86 35
7010 10 86 35
7010 11 86 35
7020 0 61 57
7020 1 61 57
7020 2 61 57
7020 3 61 57
7020 4 61 57
7020 5 61 57
7020 6 61 57
7020 7 61 57
7020 8 61 57
7020 9 61 57
7020 10 61 57
7030 0 82 46
7030 1 82 46
7030 2 82 46
7030 3 82 46
7030 4 82 46
7030 5 82 46
7030 6 82 46
7030 7 82 46
7030 8 82 46
7030 9 82 46
7030 10 82 46
7030 11 82 46
7030 12 82 46
7030 13 82 46
7030 14 82 46
7040 0 64 54
7040 1 64 54
7040 2 64 54
7040 3 64 54
7040 4 64 54
7040 5 64 54
7040 6 64 54
7040 7 64 54
7040 8 64 54
7040 9 64 54
7040 10 64 54
7040 11 64 54
7040 12 64 54
7040 13 64 54
7040 14 64 54
7090 0 199 51
7090 1 199 51
7090 2 199 51
7090 3 199 51
7090 4 199 51
7090 5 199 51
7090 6 199 51
7090 7 199 51
7090 8 199 51
7090 9 199 51
7090 10 199 51
8000 30 482 251
8000 31 482 251
8000 32 482 251
8000 33 482 251
8000 34 482 251
8000 35 482 251
8000 36 482 251
8000 37 482 251
8000 38 482 251
8000 39 482 251
8000 40 482 251
8000 41 482 251
8000 42 482 251
8000 43 482 251
8000 44 482 251
8000 45 482 251
8000 46 482 251
8000 47 482 251
8000 48 482 251
8000 49 482 251
8000 50 482 251
8000 51 482 251
8000 52 482 251
8000 53 482 251
8000 54 482 251
8000 55 482 251
8000 56 482 251
9000 0 0 0
9000 1 0 0
