0 0 15 49
0 1 15 48
0 2 15 47
10 0 13 45
10 1 12 34
20 0 18 45
20 1 21 43
20 2 19 45
20 3 12 48
20 4 22 45
20 5 14 48
20 6 15 46
40 0 15 62
40 1 19 60
40 2 19 60
40 3 20 57
40 4 20 57
40 5 18 43
130 0 18 43
200 0 21 46
200 1 24 47
200 2 20 42
200 3 19 41
210 0 20 47
210 1 16 50
210 2 17 44
210 3 17 46
210 4 14 36
220 0 16 46
220 1 14 42
220 2 14 42
1407 2 22 39
220 3 17 52
1407 3 24 59
220 4 14 43
220 5 19 31
220 6 19 35
220 7 10 32
600 0 17 52
600 1 17 52
600 2 17 55
600 3 15 47
610 0 25 54
610 1 25 54
610 2 12 54
620 0 19 54
1000 0 13 45
1000 1 13 42
1000 2 13 40
1001 0 18 50
1001 1 15 50
1001 2 10 51
1001 3 18 40
1400 0 10 53
1400 1 10 53
1400 2 10 53
1400 3 10 54
1400 4 12 56
1400 5 12 49
1400 6 12 50
1400 7 19 49
1400 8 17 49
1400 9 22 40
1400 10 19 40
1050 0 16 40
1050 1 116 53
1050 2 58 82
1051 0 14 54
1051 1 43 87
1051 2 43 87
1100 0 24 49
1100 1 13 30
1100 2 13 30
10130 0 18 50
1201 0 6 6
1300 0 15 44
1300 1 15 43
1300 2 15 43
1300 3 15 43
1300 4 15 43
5000 0 15 46
5000 1 15 46
5000 2 23 43
5000 3 25 21
5000 4 27 21
5000 5 27 12
20000 0 15 46
20000 1 15 45
6 3 22 50
6 4 24 48
15000 0 13 51
15000 1 9 42
15000 2 15 48
15000 3 16 35
5300 0 13 50
5300 1 13 50
5300 2 14 50
5300 3 14 50
5300 4 13 47
5300 5 10 47
5300 6 16 46
5300 7 15 40
5300 8 14 29
5300 9 15 11
400 0 13 54
400 1 22 54
400 2 21 54
400 3 13 46
400 4 13 46
401 0 18 8
401 1 18 8
401 2 1 7
410 0 13 46
410 1 13 46
410 2 9 53
410 3 26 53
410 4 18 53
420 0 26 43
420 1 22 38
420 2 23 31
7000 0 132 119
7000 1 131 115
7000 2 129 120
7000 3 125 118
7000 4 132 119
7000 5 131 115
7000 6 129 120
7000 7 125 118
7001 0 181 262
7001 1 181 262
7001 2 181 262
7001 3 181 262
7001 4 181 263
7003 0 75 10
7003 1 93 12
7003 2 111 14
7003 3 124 16
7003 4 122 16
7004 0 94 204
7004 1 94 204
7004 2 94 204
7004 3 94 204
7004 4 94 204
7004 5 94 204
7005 0 1071 103
7005 1 1071 103
7005 2 1071 103
7005 3 1071 103
7005 4 1071 103
7005 5 1071 103
7005 6 1071 103
7005 7 1071 103
7005 8 1071 103
7005 9 1071 103
7005 10 1071 103
7005 11 1071 103
7005 12 1071 103
7005 13 1071 103
7005 14 1071 103
7005 15 1071 103
7005 16 1071 103
7005 17 1071 103
7005 18 1071 103
7005 19 1071 103
7005 20 1071 103
7005 21 1071 103
7005 22 1071 103
7005 23 1071 103
7005 24 1071 103
7006 0 408 167
7006 1 408 167
7006 2 408 167
7006 3 408 167
7006 4 408 167
7006 5 408 167
7006 6 408 167
7006 7 408 167
7006 8 408 167
7006 9 408 167
7007 0 0 109
7007 1 0 114
7007 2 0 113
7007 3 0 109
7007 4 3 110
7007 5 0 83
7008 0 303 87
7008 1 370 109
7008 2 434 122
7008 3 460 150
7008 4 457 177
7009 0 108 237
7009 1 114 258
7009 2 121 280
7009 3 128 199
7009 4 135 204
7009 5 123 181
7009 6 125 169
7009 7 127 165
7009 8 124 106
7009 9 115 92
7010 0 112 86
7010 1 221 142
7010 2 239 294
7010 3 248 294
7010 4 243 298
7010 5 229 300
7010 6 223 294
7011 0 250 567
7011 1 250 567
7011 2 250 567
7011 3 250 567
7011 4 250 567
7011 5 250 567
7011 6 250 567
7011 7 250 567
7011 8 250 567
7011 9 250 567
7011 10 250 567
7011 11 250 567
7012 0 96 49
7012 1 118 53
7012 2 142 64
7012 3 165 76
7012 4 168 77
7012 5 168 80
7012 6 167 83
7012 7 76 87
7012 8 76 87
7012 9 76 88
7012 10 76 88
7012 11 74 89
7012 12 68 86
7012 13 68 68
7013 0 117 106
7013 1 117 106
7013 2 117 106
7013 3 117 106
7013 4 117 106
7013 5 117 106
7013 6 117 106
7013 7 117 106
7013 8 117 106
7013 9 117 106
7014 0 89 64
7014 1 103 74
7014 2 108 77
7014 3 113 80
7014 4 117 83
7014 5 121 81
7014 6 124 83
7014 7 125 76
7014 8 107 78
7014 9 110 66
7014 10 94 56
7014 11 23 25
7015 0 92 88
7015 1 95 91
7015 2 100 95
7015 3 103 97
7015 4 106 100
7015 5 109 104
7015 6 113 107
7015 7 116 110
7015 8 120 113
7015 9 123 116
7015 10 127 118
7015 11 130 120
7015 12 132 121
7015 13 134 123
7015 14 137 125
7015 15 138 125
7015 16 141 126
7015 17 142 126
7015 18 143 127
7015 19 144 126
7015 20 145 122
7015 21 145 117
7015 22 144 110
7015 23 140 104
7015 24 134 93
7015 25 115 72
7016 0 100 200
7016 1 100 200
7016 2 100 200
7016 3 100 200
7016 4 100 200
7016 5 100 200
7016 6 100 200
7016 7 100 200
7016 8 100 200
7016 9 100 200
7016 10 100 200
7016 11 100 200
7016 12 100 200
7016 13 100 200
7016 14 100 200
7016 15 100 200
7016 16 100 200
7016 17 100 200
7016 18 100 200
7016 19 100 200
7016 20 100 200
7017 0 198 30
7017 1 198 30
7017 2 198 30
7017 3 198 30
7017 4 198 30
7017 5 198 30
7017 6 198 30
7017 7 198 30
7017 8 198 30
7017 9 198 30
7017 10 198 30
7017 11 198 30
7017 12 198 30
7017 13 198 29
7017 14 197 29
7017 15 198 29
7017 16 197 29
7017 17 198 30
7017 18 198 30
7017 19 198 30
7017 20 198 30
7018 0 71 81
7018 1 84 97
7018 2 96 106
7018 3 101 112
7018 4 96 104
7019 0 6 7
7019 1 10 11
7019 2 11 13
7019 3 11 14
7019 4 8 14
7019 5 7 11
7019 6 7 5
7020 0 114 20
7021 0 103 169
7021 1 103 169
7021 2 111 169
7021 3 113 169
7021 4 108 169
7021 5 284 176
7021 6 103 169
7021 7 101 240
7022 0 245 139
7022 1 68 63
7022 2 246 155
7022 3 109 72
7022 4 119 84
7022 5 103 92
7022 6 114 110
7022 7 130 119
7022 8 138 128
7022 9 155 138
7022 10 172 142
7022 11 262 144
7022 12 180 152
7023 0 1071 103
7023 1 1071 103
7023 2 1071 103
7023 3 1071 103
7023 4 1071 103
7023 5 1071 103
7023 6 1071 103
7023 7 1071 103
7023 8 1071 103
7023 9 1071 103
7023 10 1071 103
7023 11 1071 103
7023 12 1071 103
7023 13 1071 103
7023 14 1071 103
7023 15 1071 103
7023 16 1071 103
7023 17 1071 103
7023 18 1071 103
7023 19 1071 103
7023 20 1071 103
7023 21 1071 103
7023 22 1071 103
7023 23 1071 103
7023 24 1071 103
7024 0 580 263
7025 0 209 106
7025 1 209 106
7025 2 209 106
7025 3 209 106
7025 4 209 106
7025 5 209 106
7025 6 148 99
7025 7 148 99
7025 8 148 99
7025 9 148 99
7025 10 148 99
7026 0 107 95
7026 1 260 239
7026 2 190 224
7026 3 184 209
7026 4 179 166
7026 5 174 132
7026 6 159 124
7026 7 133 118
7026 8 122 110
7027 0 194 78
7027 1 194 78
7027 2 194 78
7027 3 194 78
7027 4 194 78
10000 0 13 58
10000 1 13 57
10000 2 13 56
19000 0 12 12
10010 0 11 45
10010 1 14 41
10040 0 14 59
10040 1 15 59
10040 2 15 59
10100 0 18 45
10100 1 18 45
11000 0 22 49
11000 1 21 49
11000 2 12 50
11000 3 21 35
11250 0 19 48
11250 3 21 48
11250 1 8 10
11250 2 8 10
11251 0 11 58
11251 1 25 58
10020 0 12 56
10020 1 10 56
10020 2 11 56
10020 3 14 57
10020 4 10 58
10020 5 11 57
10020 6 9 56
10020 7 14 57
11251 2 25 58
11252 0 5 6
11050 0 10 56
11050 1 10 55
11050 2 10 55
11051 0 24 34
11051 1 24 34
11052 0 100 100
10200 0 11 49
10200 1 11 49
10200 2 13 59
10210 0 11 46
10210 1 12 49
10210 2 12 51
10220 0 20 54
10220 1 20 59
10220 2 21 55
10220 3 17 56
10220 4 18 54
190 0 9 39
190 1 9 39
10300 0 21 50
10300 1 15 52
10300 2 14 53
10300 3 14 53
10300 4 14 53
10320 4 14 53
10420 0 14 61
10420 1 14 61
10420 2 14 61
10420 3 14 61
10420 4 14 61
10420 5 14 61
10420 6 21 43
10500 0 18 49
10500 1 14 57
11100 0 14 59
11100 1 14 59
11100 2 12 59
11100 3 12 59
11100 4 16 59
11300 0 17 58
11300 1 17 58
11300 2 17 40
11200 0 24 47
11200 1 23 43
11200 2 19 49
11201 0 19 26
13000 0 12 58
13000 1 12 58
13000 2 10 58
13000 3 10 58
13000 4 13 59
13001 0 144 197
7028 0 90 50
7028 1 90 50
7028 2 97 56
7028 3 99 60
7028 4 105 61
7028 5 110 64
7028 6 117 80
7028 7 122 83
7028 8 125 84
7028 9 137 73
7028 10 135 82
7028 11 129 109
7028 12 134 179
7028 13 160 192
7028 14 173 216
7028 15 183 229
7028 16 188 232
7028 17 192 216
7028 18 179 227
7028 19 187 234
7028 20 185 222
7028 21 189 227
7028 22 195 231
7028 23 199 236
7028 24 206 216
7028 25 210 226
7028 26 215 234
7028 27 217 236
7028 28 224 221
7028 29 228 225
7028 30 229 216
7028 31 230 222
7028 32 231 228
7028 33 234 232
7028 34 234 225
7028 35 235 230
7028 36 235 234
7028 37 237 224
7028 38 237 230
7028 39 236 236
7028 40 234 241
7028 41 229 228
7028 42 226 225
7028 43 226 224
7028 44 226 222
7028 45 226 220
7028 46 223 218
7028 47 212 208
7028 48 212 211
7028 49 212 211
7028 50 211 211
7028 51 210 178
7028 52 186 144
7028 53 174 140
7029 0 272 620
7029 1 273 696
7029 2 287 778
7029 3 303 856
7029 4 305 846
7029 5 308 674
7029 6 309 684
7029 7 291 690
7029 8 306 624
7029 9 302 710
7029 10 301 762
7029 11 273 842
7029 12 270 692
7029 13 281 752
7029 14 286 730
7029 15 288 774
7029 16 279 586
7029 17 284 600
7029 18 299 664
7029 19 301 742
7029 20 305 826
7029 21 292 684
7029 22 286 670
7029 23 298 746
7029 24 286 722
7029 25 257 630
7029 26 265 704
7029 27 271 790
7029 28 272 874
7029 29 251 726
7029 30 269 606
7029 31 278 602
7030 0 220 270
7030 1 226 298
7030 2 198 288
7030 3 231 255
7030 4 254 262
7030 5 251 243
7030 6 245 258
7030 7 268 284
7032 0 300 169
7032 1 300 169
7032 2 300 169
7032 3 300 169
7032 4 300 169
7032 5 300 169
7032 6 300 169
7032 7 300 169
7032 8 300 169
7032 9 300 169
7032 10 300 169
7032 11 300 169
7032 12 300 169
7032 13 300 169
7032 14 300 169
7032 15 300 169
7032 16 300 169
7032 17 300 169
7032 18 300 169
7032 19 300 169
7033 0 91 60
7031 0 960 1080
7031 1 960 1080
7031 2 960 1080
7031 3 960 1080
7031 4 960 1080
7031 5 960 1080
7031 6 960 1080
7031 7 960 1080
7031 8 960 1080
7031 9 960 1080
7031 10 960 1080
7031 11 960 1080
7031 12 960 1080
7031 13 960 1080
7031 14 960 1080
7031 15 960 1080
7031 16 960 1080
7031 17 960 1080
7031 18 960 1080
7031 19 960 1080
7031 20 960 1080
7031 21 960 1080
7031 22 960 1080
7031 23 960 1080
7031 24 960 1080
7031 25 960 1080
7031 26 960 1080
7031 27 960 1080
7031 28 960 1080
7031 29 960 1080
7033 1 89 68
7033 2 88 75
7033 3 87 84
7033 4 86 92
7033 5 86 99
7033 6 87 110
7033 7 88 127
7033 8 80 90
7033 9 81 69
7033 10 78 77
7033 11 79 91
7033 12 80 100
7033 13 79 115
7033 14 35 85
7033 15 39 90
7033 16 39 86
7033 17 39 85
7034 0 118 159
7035 0 49 39
7035 1 52 40
7035 2 55 38
7036 0 209 106
7036 1 209 106
7036 2 209 106
7036 3 209 106
7036 4 209 106
7036 5 209 106
7036 6 148 99
7036 7 148 99
7036 8 148 99
7036 9 148 99
7036 10 148 99
7037 0 64 29
7037 1 63 30
7037 2 64 29
7037 3 67 29
7037 4 67 28
7037 5 8 21
7037 6 5 21
7037 7 3 16
7037 8 65535 14
7037 9 65534 8
7038 0 136 273
7038 1 136 273
7038 2 136 273
7038 3 175 349
7038 4 282 482
7038 5 282 482
7038 6 282 482
7038 7 282 482
7038 8 282 482
7038 9 282 482
7038 10 282 482
7039 0 13 9
7039 1 10 9
7039 2 22 12
7039 3 30 16
7039 4 22 27
7039 5 28 24
7039 6 28 28
7040 0 191 191
7041 0 186 150
7041 1 192 182
7041 2 192 200
7041 3 192 219
7041 4 192 238
7041 5 192 256
7041 6 192 273
7041 7 192 290
7041 8 192 304
7041 9 192 304
7041 10 192 304
7041 11 192 304
7041 12 192 304
7041 13 192 304
7041 14 192 304
7041 15 192 304
7041 16 192 304
7041 17 192 304
7041 18 192 304
7041 19 192 304
7041 20 192 304
7041 21 192 304
7041 22 192 304
7041 23 192 304
7041 24 192 304
7041 25 192 304
7041 26 192 304
7041 27 192 304
7041 28 192 304
7042 0 116 96
7042 1 116 96
7042 2 116 96
7042 3 116 96
7043 0 194 78
7043 1 208 71
7043 2 208 67
7043 3 211 68
7043 4 204 79
7044 0 300 225
7044 1 300 225
7044 2 300 225
7044 3 300 225
7044 4 300 225
7044 5 300 225
7044 6 300 225
7045 0 160 240
7045 1 160 240
7045 2 160 240
7045 3 160 240
7045 4 160 240
7045 5 160 240
7045 6 160 240
7045 7 160 240
7045 8 160 240
7045 9 160 240
7045 10 156 204
7045 11 160 210
7046 0 427 480
7046 1 427 480
7046 2 427 480
7046 3 427 480
7046 4 427 480
7046 5 427 480
7046 6 427 480
7046 7 427 480
7046 8 427 480
7046 9 427 480
7046 10 427 480
7046 11 427 480
7046 12 427 480
7046 13 427 480
7046 14 427 480
7046 15 427 480
7046 16 427 480
7046 17 427 480
7046 18 427 480
7046 19 427 480
7046 20 427 480
7046 21 427 480
7046 22 427 480
7046 23 427 480
7046 24 427 480
7046 25 427 480
7046 26 427 480
7046 27 427 480
7046 28 427 480
7046 29 427 480
7046 30 427 480
7046 31 427 480
7046 32 427 480
7046 33 427 480
7046 34 427 480
7046 35 427 480
7046 36 427 480
7046 37 427 480
7046 38 427 480
7046 39 427 480
7046 40 427 480
7046 41 427 480
7046 42 427 480
7046 43 427 480
7046 44 427 480
7046 45 427 480
7046 46 427 480
7046 47 427 480
7046 48 427 480
7046 49 427 480
7046 50 427 480
7046 51 427 480
7046 52 427 480
7046 53 427 480
7046 54 427 480
7046 55 427 480
7046 56 427 480
7046 57 427 480
7046 58 427 480
7046 59 427 480
7046 60 427 480
7046 61 427 480
7046 62 427 480
7046 63 427 480
7046 64 427 480
7046 65 427 480
7046 66 427 480
7046 67 427 480
7047 0 512 384
7047 1 512 384
7047 2 512 384
7047 3 512 384
7047 4 512 384
7047 5 512 384
7047 6 512 384
7047 7 512 384
7047 8 512 384
7047 9 512 384
7047 10 512 384
7047 11 512 384
7047 12 512 384
7048 0 91 60
7049 0 87 63
7050 0 15 13
7050 1 13 15
7050 2 11 11
7050 3 11 11
7050 4 6 8
7050 5 6 7
7051 0 108 33
7051 1 123 44
7051 2 131 52
7051 3 129 65
7051 4 128 99
7051 5 129 108
7051 6 129 116
7051 7 127 124
7051 8 133 121
7051 9 130 126
7051 10 131 111
7051 11 132 117
7051 12 131 109
7051 13 129 119
7051 14 128 105
7051 15 129 107
7051 16 129 117
7051 17 127 125
7051 18 133 121
7051 19 130 126
7051 20 129 110
7051 21 126 116
7051 22 100 106
7051 23 101 105
7051 24 102 76
7052 0 109 51
7052 1 152 72
7052 2 192 88
7052 3 201 90
7052 4 211 94
7052 5 222 96
7052 6 229 101
7052 7 240 104
7052 8 248 109
7052 9 258 111
7052 10 264 116
7052 11 275 111
7052 12 270 115
7052 13 279 113
7052 14 268 109
7052 15 264 114
7052 16 274 102
7052 17 277 102
7052 18 270 104
7052 19 274 102
7052 20 283 105
7052 21 281 100
7052 22 292 104
7052 23 279 102
7052 24 288 102
7052 25 276 106
7052 26 285 101
7053 0 43 14
7053 1 38 47
7053 2 101 163
7053 3 104 173
7053 4 105 173
7053 5 101 175
7053 6 98 179
7053 7 94 179
7053 8 82 175
7053 9 61 155
7053 10 42 147
7054 0 42 134
7054 1 42 203
7054 2 42 249
7054 3 42 253
7054 4 42 260
7054 5 42 266
7054 6 42 271
7054 7 42 275
7054 8 42 280
7054 9 42 282
7054 10 42 286
7054 11 42 284
7054 12 42 284
7054 13 42 284
7054 14 42 281
7054 15 42 277
7054 16 42 275
7054 17 42 269
7054 18 42 264
7054 19 42 254
7054 20 42 243
7054 21 42 232
7054 22 42 131
7055 0 250 567
7055 1 250 567
7055 2 250 567
7055 3 250 567
7055 4 250 567
7055 5 250 567
7055 6 250 567
7055 7 250 567
7055 8 250 567
7055 9 250 567
7055 10 250 567
7055 11 250 567
7056 0 65519 90
7056 1 23 95
7056 2 50 95
7056 3 58 95
7056 4 70 95
7056 5 70 94
7056 6 69 94
7056 7 67 94
7056 8 68 89
7056 9 69 79
7056 10 70 75
7057 0 160 380
7057 1 160 380
7057 2 159 381
7057 3 158 380
7057 4 157 374
7057 5 155 370
7057 6 154 362
7057 7 154 369
7057 8 155 366
7057 9 154 358
7057 10 154 355
7057 11 153 360
7057 12 154 368
7057 13 154 372
7057 14 155 345
7057 15 158 349
7057 16 157 353
7057 17 157 355
7057 18 157 362
7057 19 158 364
7057 20 157 370
7057 21 158 373
7057 22 158 369
7057 23 158 354
7057 24 158 361
7057 25 158 369
7057 26 157 375
7057 27 157 378
7057 28 157 378
7057 29 156 378
7057 30 153 378
7057 31 154 377
7057 32 154 376
7057 33 155 374
7057 34 157 373
7057 35 157 368
7057 36 158 365
7057 37 158 365
7057 38 157 371
7057 39 157 372
7057 40 157 372
7057 41 157 373
7057 42 158 376
7057 43 159 376
7057 44 159 376
7057 45 158 369
7057 46 158 367
7057 47 156 365
7057 48 155 356
7057 49 156 360
7057 50 157 363
7057 51 157 357
7057 52 157 344
7057 53 156 350
7057 54 155 356
7057 55 154 362
7057 56 153 369
7057 57 153 373
7057 58 155 374
7057 59 155 374
7058 0 320 240
7058 1 320 240
7058 2 320 240
7058 3 320 240
7058 4 320 240
7058 5 320 240
7058 6 320 240
7058 7 320 240
7058 8 320 240
7058 9 320 240
7058 10 320 240
7058 11 320 240
7058 12 320 240
7058 13 320 240
7058 14 320 240
7058 15 320 240
7058 16 320 240
7058 17 320 240
7058 18 320 240
7058 19 320 240
7058 20 320 240
7058 21 320 240
7058 22 320 240
7058 23 320 240
7058 24 320 240
7058 25 320 240
7058 26 320 240
7058 27 320 240
7058 28 320 240
7058 29 320 240
7059 0 158 141
7059 1 158 141
7059 2 158 141
7059 3 158 141
7059 4 158 141
7059 5 158 141
7059 6 158 141
7059 7 158 141
7059 8 158 141
7059 9 158 141
7059 10 158 141
7060 0 49 14
7060 1 49 13
7060 2 49 10
7060 3 50 9
7061 0 77 81
7061 1 124 159
7061 2 124 143
7061 3 118 133
7061 4 112 127
7061 5 104 113
7061 6 106 203
7061 7 106 203
7061 8 107 201
7061 9 106 201
7061 10 108 201
7061 11 107 201
7061 12 91 189
7061 13 95 191
7061 14 96 191
7061 15 104 189
7062 0 524 800
7062 1 524 800
7062 2 524 800
7062 3 524 800
7062 4 524 800
7062 5 524 800
7062 6 524 800
7062 7 524 800
7062 8 524 800
7062 9 524 800
7062 10 524 800
7062 11 524 800
7062 12 524 800
7062 13 524 800
7062 14 524 800
7062 15 524 800
7062 16 524 800
7062 17 524 800
7062 18 524 800
7062 19 524 800
7062 20 524 800
7062 21 524 800
7062 22 524 800
7062 23 524 800
7062 24 524 800
7062 25 524 800
7062 26 524 800
7062 27 524 800
7062 28 524 800
7062 29 524 800
7062 30 524 800
7062 31 524 800
7062 32 524 800
7062 33 524 800
7062 34 524 800
7062 35 524 800
7062 36 524 800
7062 37 524 800
7062 38 524 800
7062 39 524 800
7062 40 524 800
7062 41 524 800
7062 42 524 800
7062 43 524 800
7062 44 524 800
7062 45 524 800
7062 46 524 800
7062 47 524 800
7062 48 524 800
7062 49 524 800
7062 50 524 800
7062 51 524 800
7062 52 524 800
7062 53 524 800
7062 54 524 800
7062 55 524 800
7062 56 524 800
7062 57 524 800
7062 58 524 800
7062 59 524 800
7062 60 524 800
7062 61 524 800
7062 62 524 800
7062 63 524 800
7062 64 524 800
7062 65 524 800
7062 66 524 800
7062 67 524 800
7062 68 524 800
7062 69 524 800
7062 70 524 800
7062 71 524 800
7062 72 524 800
7062 73 524 800
7062 74 524 800
7062 75 524 800
7062 76 524 800
7062 77 524 800
7062 78 524 800
7062 79 524 800
7062 80 524 800
7062 81 524 800
7062 82 524 800
7062 83 524 800
7062 84 524 800
7062 85 524 800
7062 86 524 800
7062 87 524 800
7062 88 524 800
7062 89 524 800
7062 90 524 800
7062 91 524 800
7062 92 524 800
7062 93 524 800
7062 94 524 800
7062 95 524 800
7062 96 524 800
7062 97 524 800
7062 98 524 800
7062 99 524 800
7062 100 524 800
7062 101 524 800
7062 102 524 800
7062 103 524 800
7062 104 524 800
7062 105 524 800
7062 106 524 800
7062 107 524 800
7062 108 524 800
7062 109 524 800
7062 110 524 800
7062 111 524 800
7062 112 524 800
7062 113 524 800
7062 114 524 800
7062 115 524 800
7062 116 524 800
7062 117 524 800
7062 118 524 800
7062 119 524 800
7063 0 301 77
7063 1 301 83
7063 2 301 84
7063 3 301 85
7063 4 301 86
7063 5 301 80
7063 6 301 81
7063 7 301 82
7064 0 83 162
7064 1 84 192
7064 2 81 190
7064 3 79 184
7064 4 82 190
7064 5 84 194
7064 6 82 182
7065 0 68 33
7065 1 67 32
7065 2 66 33
7066 0 103 142
7066 1 147 198
7066 2 150 219
7066 3 149 215
7066 4 147 214
7066 5 147 215
7066 6 146 211
7066 7 149 193
7066 8 148 190
7067 0 199 194
7067 1 193 188
7067 2 188 183
7067 3 183 178
7067 4 179 177
7067 5 176 178
7067 6 175 182
7067 7 185 195
7067 8 232 228
7067 9 280 240
7067 10 294 240
7067 11 303 240
7067 12 320 240
7067 13 320 240
7067 14 269 240
7067 15 280 240
7067 16 243 240
7067 17 195 206
7067 18 154 165
7068 0 149 115
7068 1 320 286
7068 2 320 282
7068 3 219 246
7069 0 32 32
7069 1 104 82
7069 2 111 98
7069 3 176 147
7069 4 169 147
7069 5 154 156
7069 6 145 152
7069 7 140 150
7069 8 151 162
7069 9 165 144
7069 10 142 147
7069 11 142 140
7069 12 117 109
7069 13 64 90
7070 0 256 128
7070 1 256 128
7070 2 256 128
7070 3 256 128
7070 4 256 128
7070 5 256 128
7070 6 256 128
7096 4 356 138
7096 3 338 182
7096 2 313 142
7096 1 293 171
7096 0 258 139
1052 0 69 65476
1052 1 72 65488
1052 2 227 132
1051 3 226 143
1051 4 220 174
1051 5 212 173
1051 6 204 191
1051 7 177 205
1051 8 265 197
1051 9 264 181
1051 10 257 185
1051 11 250 169
1051 12 243 89
1051 13 205 65519
450 0 584 348
450 1 562 336
450 2 572 340
450 3 551 334
450 4 473 333
450 5 536 335
450 6 516 333
450 7 340 292
7084 0 83 162
7084 1 84 192
7084 2 81 190
7084 3 79 184
7084 4 82 190
7084 5 84 194
7084 6 82 182
7094 0 83 162
7094 1 84 192
7094 2 81 190
7094 3 79 184
7094 4 82 190
7094 5 84 194
7094 6 82 182
7071 0 554 317
7048 1 551 316
7048 2 548 318
7048 3 550 318
7048 4 533 307
7048 5 521 300
7048 6 516 310
7048 7 442 262
7041 0 186 150
7042 4 247 236
7044 7 226 257
7044 8 238 269
7044 9 227 276
7044 10 184 276
7044 11 190 265
7044 13 178 236
7044 15 190 187
7044 16 142 187
7044 18 80 89
7153 0 314 328
7153 1 314 328
7153 2 314 328
7153 3 314 328
7153 4 314 328
7153 5 314 328
7153 6 314 328
7153 7 314 328
7153 8 314 328
7153 9 314 328
7153 10 314 328
7153 11 314 328
7153 12 314 328
7153 13 314 328
7153 14 314 328
7153 15 314 328
7153 16 314 328
7153 17 314 328
7153 18 314 328
7153 19 314 328
7153 20 314 328
7153 21 314 328
7104 0 157 159
7104 1 157 159
7104 2 157 159
7104 3 157 159
7104 4 157 159
7104 5 157 159
7104 6 157 159
7104 7 157 159
7104 8 157 159
7104 9 157 159
7104 10 157 159
7104 11 157 159
7104 12 157 159
7104 13 157 159
7104 14 157 159
7104 15 157 159
7104 16 157 159
7104 17 157 159
7104 18 157 159
7104 19 157 159
7104 20 157 159
7104 21 157 159
7104 22 157 159
7104 23 157 159
7104 24 157 159
7104 25 157 159
7104 26 157 159
7104 27 157 159
7104 28 157 159
7104 29 157 159
7104 30 157 159
7104 31 157 159
7104 32 157 159
7104 33 157 159
7104 34 157 159
7104 35 157 159
7104 36 157 159
7104 37 157 159
7104 38 157 159
9021 0 320 240
9021 1 320 240
7074 10 295 292
7074 12 295 292
7074 13 295 292
7074 15 295 292
7074 16 295 292
7074 18 295 292
7074 19 295 292
7074 21 295 292
7074 22 295 292
7074 24 295 292
7074 25 295 292
7074 27 295 292
7074 28 295 292
7074 30 295 292
7074 31 295 292
7074 33 295 292
7074 34 295 292
7074 36 295 292
7074 37 295 292
7074 39 295 292
7074 42 295 292
7074 43 295 292
7074 46 295 292
7074 48 295 292
7074 51 295 292
7074 52 295 292
7074 55 295 292
7074 58 295 292
7074 61 295 292
7074 63 295 292
7074 66 295 292
7074 67 295 292
50 1 244 111
50 2 263 214
50 3 276 219
50 4 292 227
50 5 291 209
50 6 291 190
50 7 272 168
50 8 212 96
1060 0 230 182
1060 10 230 182
1060 20 230 182
1060 30 230 182
1060 40 230 182
1060 50 230 182
1060 60 230 182
1060 70 230 182
1060 80 230 182
1060 90 230 182
1060 100 230 182
1060 110 230 182
1060 120 230 182
1060 130 230 182
1060 140 230 182
1060 150 230 182
1060 160 230 182
1359 0 101 96
1359 1 126 133
1359 2 163 154
1359 3 196 213
1359 4 231 249
1359 5 278 202
1359 6 201 274
1359 7 327 315
1359 8 387 193
1359 9 246 321
1359 10 416 303
1359 11 419 313
1359 12 286 298
1359 13 388 301
1359 14 377 280
1359 15 375 280
1359 16 378 282
1359 17 381 168
7074 0 150 102
7074 1 221 119
7074 2 354 206
7074 3 389 208
7074 4 427 209
7074 5 459 218
7074 6 469 221
7074 7 472 217
7074 8 475 220
7072 9 475 221
7072 10 476 221
7072 11 474 149
7072 12 473 152
7072 13 473 155
7072 14 472 73
7072 15 455 53
7072 16 350 32
7072 17 304 31
6999 0 24 24
6999 1 19 19
6999 2 14 15
6999 3 9 16
6999 4 11 19
7001 5 12 22
7001 6 7 25
7001 7 11 23
7000 8 12 23
7000 9 12 24
7000 10 13 31
7000 11 13 32
7000 12 13 33
7000 13 13 35
7000 14 13 36
7000 15 13 36
7000 16 11 37
7000 17 10 38
7000 18 7 40
7000 19 8 41
7000 20 2 43
1063 0 163 109
1063 1 154 142
1063 2 147 172
1063 3 150 201
1063 4 147 229
1063 5 161 258
1063 6 156 287
1063 7 150 306
1063 8 148 314
1063 9 155 315
1063 10 157 275
1063 11 160 299
1063 12 163 323
1063 13 158 336
1063 14 159 357
1063 15 161 377
1063 16 160 397
1063 17 153 415
1063 18 155 415
1063 19 155 415
1063 20 155 415
1063 21 157 415
1063 22 160 415
1063 23 160 415
1063 24 156 415
1063 25 149 415
1063 26 154 415
1063 27 158 415
1063 28 164 415
1063 29 163 415
1063 30 159 415
1063 31 157 415
1063 32 158 415
1063 33 157 415
1063 34 153 415
1063 35 153 415
1063 36 151 415
1063 37 159 415
1063 38 156 415
1063 39 151 415
1063 40 155 415
1063 41 159 415
1063 42 162 415
1063 43 155 415
1063 44 154 415
1063 45 159 415
1063 46 154 415
1063 47 148 415
1063 48 151 415
1063 49 148 415
1063 50 151 415
1063 51 155 415
1063 52 152 415
1063 53 154 415
1063 54 150 415
1063 55 148 415
1063 56 145 415
1063 57 139 415
1063 58 128 415
1090 0 120 106
1090 1 134 171
1090 2 182 296
1090 3 213 248
1090 4 231 378
1090 5 197 541
1090 6 198 541
1090 7 213 542
1090 8 210 542
1090 9 190 542
1090 10 185 541
1090 11 187 540
1090 12 185 540
1090 13 186 539
1090 14 187 539
1090 15 186 538
1090 16 185 538
1090 17 185 538
1090 18 185 537
1090 19 184 537
1090 20 182 537
1090 21 182 537
1090 22 182 537
1090 23 182 534
1090 24 183 534
1090 25 181 532
1090 26 182 533
1090 27 184 532
1090 28 181 532
1090 29 180 532
1090 30 177 531
1090 31 173 531
1090 32 164 531
1090 33 142 530
1090 34 103 528
1090 35 91 529
1090 36 65 528
1090 37 31 527
1090 38 16 526
1090 39 11 525
1090 40 9 522
6008 0 114 119
6008 1 114 119
6008 2 114 119
6008 3 114 119
6008 4 114 119
6008 5 114 119
6008 6 114 119
6008 7 114 119
6008 8 114 119
6008 9 114 119
6008 10 113 113
6008 11 113 113
6008 12 113 113
6008 13 112 111
6008 14 111 110
6008 15 109 109
6008 16 106 104
6008 17 93 94
265 0 129 129
9000 0 0 0
9000 1 0 0
1300 93 15 49
1300 94 15 49
10000 90 13 53
6100 0 44 290
6100 1 44 290
6100 2 44 290
6100 3 44 290
6100 4 44 290
6100 5 44 290
6100 6 44 290
6100 7 44 290
6110 0 56 13
6110 1 73 19
6110 2 86 26
6110 3 93 29
6110 4 95 32
6110 5 97 33
6110 6 95 35
6110 7 100 36
6110 8 102 38
6110 9 104 37
6110 10 106 37
6110 11 106 38
6110 12 103 38
6110 13 104 38
6110 14 105 38
6110 15 104 36
6120 0 78 23
6120 1 85 36
6120 2 112 52
6120 3 121 61
6120 4 125 67
6120 5 130 69
6120 6 131 70
6120 7 135 67
6120 8 135 66
6120 9 136 70
6120 10 138 73
6120 11 137 75
6120 12 133 67
6120 13 129 58
8001 0 320 240
8001 1 320 240
8001 2 320 240
8001 3 320 240
8001 4 320 240
8001 5 320 240
8001 6 320 240
8001 7 320 240
8001 8 320 240
8001 9 320 240
8001 10 320 240
8001 11 320 240
8001 12 320 240
8001 13 320 240
8001 14 320 240
8001 15 320 240
8001 16 320 240
8001 17 320 240
8001 18 320 240
8001 19 320 240
8001 20 320 240
8001 21 320 240
8001 22 320 240
8001 23 320 240
8001 24 320 240
8001 25 320 240
8001 26 320 240
8001 27 320 240
8001 28 320 240
8001 29 320 240
8001 30 320 240
8001 31 320 240
8010 0 314 295
8010 2 278 239
8050 0 222 223
8050 1 211 203
8050 2 201 192
8050 3 193 182
8050 4 184 169
8050 5 181 164
8050 6 174 154
8050 7 164 149
8050 8 154 149
8050 9 133 149
8050 10 121 151
8050 11 135 151
8050 12 93 95
8050 13 93 96
8050 14 93 97
8000 0 320 240
8000 1 320 240
8000 2 320 240
8000 3 320 240
8000 4 320 240
8000 5 320 240
8000 6 320 240
8000 7 320 240
8000 8 320 240
8000 9 320 240
8000 10 320 240
8000 11 320 240
8002 0 150 154
8002 1 152 193
8002 2 150 191
8002 3 220 189
8002 4 217 185
8002 5 216 181
8002 6 213 179
8002 7 208 175
8002 8 197 171
8002 9 247 163
8002 10 246 146
8002 11 244 156
8002 12 243 153
8002 13 238 147
8002 14 208 140
8002 15 179 138
8002 16 148 113
8002 17 117 93
8002 18 90 91
8002 19 82 85
8002 20 70 74
8002 21 60 66
8003 0 170 87
8003 1 260 130
8003 2 461 156
8003 3 509 160
8003 4 513 193
8003 5 470 201
8003 6 487 183
8003 7 431 189
8003 8 477 195
8003 9 511 183
8003 10 520 172
8003 11 420 160
8003 12 466 199
8003 13 462 248
8003 14 457 219
8003 15 436 221
8003 16 440 202
8003 17 446 162
8003 18 442 141
8003 19 392 135
8003 20 400 124
8003 21 473 129
8003 22 472 117
8003 23 452 96
8003 24 446 87
8003 25 474 78
8003 26 481 78
8003 27 467 55
8003 28 423 20
8003 29 432 18
8010 0 84 223
30502 0 240 594
30502 1 254 583
30502 2 260 615
30502 3 217 575
30502 4 266 588
4075 0 297 350
4075 1 312 350
9000 3 313 350
9000 4 290 366
4010 0 320 240
4010 1 320 240
4010 2 320 240
4010 3 320 240
4010 4 320 240
4010 5 320 240
4010 6 320 240
4010 7 320 240
4010 8 320 240
4010 9 320 240
4010 10 320 240
4010 11 320 240
4011 0 320 240
4011 1 320 240
4011 2 320 240
4011 3 320 240
4011 4 320 240
4011 5 320 240
4011 6 320 240
4011 7 320 240
4011 8 320 240
4011 9 320 240
4011 10 320 240
4011 11 320 240
4011 12 320 240
4011 13 320 240
4011 14 320 240
4011 15 320 240
4011 16 320 240
4011 17 320 240
4011 18 320 240
4011 19 320 240
4011 20 320 240
4011 21 320 240
4011 22 320 240
4011 23 320 240
4011 24 320 240
4011 25 320 240
4011 26 320 240
4011 27 320 240
4011 28 320 240
4011 29 320 240
4011 30 320 240
4011 31 320 240
