1 24 24 63
1 25 24 63
1 26 24 63
0 11 24 63
0 13 24 63
0 12 24 63
1 27 24 63
1 28 24 63
1 29 24 63
1 30 24 63
1 31 24 63
1 32 24 63
1 33 24 63
1 34 24 63
1 35 24 63
1 1 24 63
1 2 24 63
1 3 24 63
1 4 22 63
1 5 22 63
1 6 22 63
1 7 22 63
1 8 22 63
1 9 22 63
1 10 21 63
1 11 22 63
1 12 22 63
1 13 21 63
1 14 22 63
1 15 21 63
1 16 21 63
1 17 21 63
1 18 21 63
1 19 21 63
1 20 22 63
1 21 22 63
1 22 21 63
1 23 23 63
10 0 13 47
10 1 12 40
20 0 20 52
20 1 25 50
20 2 19 51
20 3 12 52
20 4 22 53
20 5 25 53
20 6 19 57
40 0 15 62
40 1 19 60
40 3 24 60
40 4 24 60
68 0 241 160
68 1 255 194
68 2 266 229
68 3 270 340
68 4 279 460
68 5 291 515
68 6 305 527
68 7 318 515
68 8 321 515
68 9 318 515
68 10 318 515
68 11 318 515
68 12 318 515
68 13 318 515
68 14 318 515
68 15 318 515
68 16 318 515
68 17 318 515
68 18 318 515
68 19 318 515
68 20 318 515
68 21 318 515
68 22 318 515
68 23 318 515
68 24 318 515
68 25 318 515
68 26 318 515
68 27 318 515
68 28 318 515
68 29 318 515
68 30 318 515
68 31 318 515
68 32 318 515
68 33 318 515
68 34 318 515
68 35 318 515
68 36 318 515
68 37 318 515
68 38 318 515
68 39 318 515
80 2 542 736
80 3 542 736
80 4 542 736
80 5 542 736
80 6 542 736
80 7 542 736
80 8 542 736
80 9 542 736
81 0 542 736
81 1 542 736
130 0 13 47
210 0 17 53
210 1 17 51
210 2 17 45
210 3 17 39
210 4 15 34
401 1 18 8
401 2 1 7
410 0 13 51
410 1 7 54
410 2 21 53
410 3 26 53
410 4 18 53
420 0 30 50
420 1 22 38
420 2 23 31
808 0 49 11
808 1 48 11
820 0 17 18
820 1 16 25
820 2 14 28
820 3 11 32
821 0 12 32
821 1 12 32
821 2 12 32
821 3 12 32
821 4 12 32
821 5 12 32
821 6 12 34
822 0 4 5
822 1 7 5
822 2 8 5
822 3 8 8
822 4 8 8
822 5 8 8
822 6 8 8
825 0 33 12
825 1 32 23
825 2 32 26
826 0 32 29
826 1 32 29
826 2 32 33
826 3 32 39
826 4 32 46
826 5 32 48
826 6 32 56
871 1 25 65
871 2 13 7
872 0 51 52
872 1 56 49
872 2 51 54
872 3 45 52
1000 0 13 45
1000 1 13 42
1000 2 13 40
1001 0 18 50
1001 1 15 50
1001 2 10 51
1001 3 13 47
1002 0 23 29
1002 1 21 32
1002 2 22 42
1002 3 20 48
1002 4 18 64
1002 5 15 63
1002 6 31 72
1002 7 29 116
1010 0 5 157
1010 1 5 157
1010 2 5 157
1010 3 5 157
1010 4 5 157
1010 5 5 157
1010 6 5 157
1010 7 5 157
1010 8 5 157
1010 9 5 157
1010 10 5 157
1010 11 5 157
1010 12 5 157
1010 13 5 157
1010 14 5 157
1010 15 5 157
1010 16 5 157
1010 17 5 157
1010 18 5 157
1010 19 5 157
1010 20 5 157
1010 21 5 157
1010 22 5 157
1010 23 5 157
1010 24 5 157
1010 25 5 157
1010 26 5 157
1010 27 5 157
1010 28 5 157
1010 29 5 157
1010 30 5 157
1010 31 5 157
1010 32 5 157
1010 33 5 157
1010 34 5 157
1010 35 5 157
1010 36 5 157
1010 37 5 157
1010 38 5 157
1010 39 5 157
1010 40 5 157
1010 41 5 157
1010 42 5 157
1010 43 5 157
1010 44 5 157
1010 45 5 157
1010 46 5 157
1010 47 5 157
1010 48 5 157
1010 49 5 157
1010 50 5 157
1010 51 5 157
1010 52 5 157
1010 53 5 157
1010 54 5 157
1010 55 5 157
1010 56 5 157
1010 57 5 157
1010 58 5 157
1010 59 5 157
1010 60 5 157
1010 61 5 157
1010 62 5 157
1010 63 5 157
1010 64 5 157
1010 65 5 157
1010 66 5 157
1010 67 5 157
1010 68 5 157
1010 69 5 157
1010 70 5 157
1010 71 5 157
1010 72 5 157
1010 73 5 157
1010 74 5 157
1010 75 5 157
1010 76 5 157
1010 77 5 157
1010 78 5 157
1010 79 5 157
1010 80 5 157
1010 81 5 157
1010 82 5 157
1010 83 5 157
1010 84 5 157
1010 85 5 157
1010 86 5 157
1010 87 5 157
1010 88 5 157
1010 89 5 157
1050 0 16 40
1050 1 116 53
1050 2 58 82
1050 10 30 32
1051 0 6 16
1051 1 6 14
1051 2 7 13
1051 3 5 13
1051 4 4 14
1051 5 5 16
1051 6 5 12
1051 7 5 15
1051 8 14 18
1051 9 5 12
1059 0 50 8
1059 1 53 35
1059 2 55 51
1059 3 61 69
1059 4 58 71
1059 5 69 89
1076 0 246 328
1076 1 233 382
1076 2 221 473
1076 3 240 629
1076 4 209 652
1076 5 219 652
1076 6 272 652
1076 7 219 652
1076 8 219 652
1076 9 222 652
1076 10 226 652
1076 11 227 652
1076 12 227 652
1076 13 224 652
1076 14 223 652
1076 15 213 652
1076 16 210 596
1076 17 206 643
1076 18 194 117
1076 19 192 119
1076 20 189 111
1100 0 24 53
1100 1 13 30
1100 2 13 30
1102 0 92 32
1102 1 91 44
1102 2 94 57
1102 3 90 69
1102 4 85 82
1103 0 84 86
1103 1 81 86
1103 2 79 86
1103 3 76 86
1103 4 73 86
1103 5 73 86
1103 6 73 86
1103 7 84 86
1201 0 6 6
1300 0 15 54
1300 1 15 54
1300 2 15 54
1300 3 15 54
1300 4 15 54
1320 0 400 300
1320 1 400 300
1320 2 400 300
1320 3 400 300
1320 4 400 300
1320 5 400 300
1320 6 400 300
1320 7 400 300
1400 0 10 59
1400 1 10 59
1400 2 10 59
1400 3 10 59
1400 4 12 56
1400 5 12 49
1400 6 12 50
1400 7 19 49
1400 8 17 49
1400 9 22 40
1400 10 19 40
1505 0 73 73
1505 1 73 73
1505 2 72 72
1505 3 72 72
1505 4 71 71
1505 5 70 70
1505 6 70 70
1505 7 66 66
1505 8 62 62
1505 9 57 57
1505 10 53 53
1505 11 48 48
1505 12 40 40
3044 0 94 28
3044 1 94 30
3044 2 99 31
3044 3 111 34
3044 4 117 36
3044 5 201 39
3044 6 207 40
3044 7 212 40
3044 8 216 40
3044 9 259 40
3044 10 263 40
3044 11 266 41
3044 12 266 43
3044 13 271 41
3044 14 274 41
3044 15 273 41
3044 16 273 41
3044 17 276 41
3044 18 276 43
3044 19 280 41
3044 20 279 41
3044 21 281 41
3044 22 275 41
3044 23 275 41
3044 24 266 41
3044 25 261 40
3044 26 261 40
4868 0 242 201
4868 1 242 201
4868 2 243 202
4868 3 242 202
4868 4 243 202
4868 5 242 202
4868 6 244 203
4868 7 242 203
4868 8 243 203
4868 9 242 203
4868 10 242 203
4868 11 242 203
4868 12 242 203
4868 13 243 203
4868 14 243 203
4868 15 244 203
4868 16 242 203
4868 17 242 203
4868 18 243 203
4868 19 244 203
4868 20 244 203
4868 21 246 203
4868 22 243 203
4868 23 244 203
4868 24 244 203
4868 25 246 203
4868 26 246 203
4868 27 247 203
4868 28 247 203
4868 29 247 203
5000 0 15 51
5000 1 11 44
5000 2 28 35
5000 3 25 21
5000 4 27 21
5000 5 27 12
5300 0 13 62
5300 1 8 61
5300 2 14 55
5300 3 14 58
5300 4 10 52
5300 5 10 51
5300 6 16 46
5300 7 15 40
5300 8 14 29
5300 9 15 11
6011 0 38 41
6011 1 46 46
6011 2 51 49
6011 3 54 52
6011 4 57 53
6011 5 60 56
6011 6 61 55
6011 7 63 56
6021 0 0 240
6021 1 0 240
6021 2 0 240
6021 3 0 240
6021 4 0 240
6021 5 0 240
6021 6 0 240
6021 7 0 240
6021 8 0 240
6021 9 0 240
6021 10 0 240
6021 11 0 240
6021 12 0 240
6021 13 0 240
6021 14 0 240
6021 15 0 240
6021 16 0 240
6021 17 0 240
6021 18 0 240
6021 19 0 240
6021 20 0 240
6021 21 0 165
6021 22 0 162
6021 23 168 165
6021 24 0 165
6023 0 67 47
6023 1 99 130
6023 2 124 138
6023 3 161 171
6023 4 159 170
6023 5 157 169
6023 6 161 171
6024 0 160 240
6024 1 160 240
6024 2 160 240
6024 3 160 240
6024 4 160 240
6024 5 160 240
6024 6 160 240
6024 7 160 240
6024 8 160 240
6024 9 160 240
6060 0 333 333
6060 1 333 333
6060 2 333 333
6060 3 333 333
6060 4 333 333
6060 5 333 333
6060 6 333 333
6060 7 333 333
6060 8 333 333
7000 0 132 119
7000 1 131 115
7000 2 129 120
7000 3 125 118
7000 4 132 119
7000 5 131 115
7000 6 129 120
7000 7 125 118
7001 0 181 262
7001 1 181 262
30000 1 104 104
7001 2 181 262
7001 3 181 262
7001 4 181 263
7002 0 110 114
7002 1 110 114
7002 2 110 114
7002 3 110 114
7002 4 110 114
7002 5 110 114
7002 6 110 114
7002 7 110 114
7002 8 110 114
7002 9 110 114
7002 10 110 114
7002 11 110 114
7002 12 110 114
7002 12 110 114
7002 13 110 114
7002 14 110 114
7002 15 110 114
7002 16 110 114
7002 17 110 114
7002 18 110 114
7002 19 110 114
7002 20 110 114
7003 0 75 10
7003 1 93 12
627 1 256 256
627 10 256 256
627 11 256 256
627 12 256 256
627 13 256 256
627 14 256 256
627 15 256 256
627 16 256 256
627 17 256 256
627 18 256 256
627 19 256 256
627 2 256 256
627 20 256 256
627 21 256 256
627 22 256 256
627 23 256 256
627 24 256 256
627 25 256 256
627 26 256 256
627 27 256 256
627 28 256 256
627 29 256 256
627 3 256 256
627 30 256 256
627 31 256 256
627 32 256 256
627 33 256 256
627 34 256 256
627 35 256 256
627 36 256 256
627 37 256 256
627 38 256 256
627 39 256 256
627 4 256 256
627 40 256 256
627 41 256 256
627 42 256 256
627 43 256 256
627 100 256 256
627 101 256 256
627 102 256 256
627 103 256 256
627 104 256 256
627 105 256 256
627 106 256 256
627 54 256 256
627 55 256 256
627 56 256 256
627 57 256 256
627 58 256 256
627 59 256 256
627 60 256 256
627 61 256 256
627 62 256 256
627 63 256 256
627 64 256 256
627 65 256 256
627 66 256 256
627 67 256 256
627 68 256 256
627 69 256 256
627 70 256 256
627 71 256 256
627 72 256 256
627 73 256 256
627 74 256 256
627 75 256 256
627 76 256 256
627 77 256 256
627 78 256 256
627 79 256 256
627 80 256 256
627 81 256 256
627 82 256 256
627 83 256 256
627 84 256 256
627 85 256 256
627 86 256 256
627 87 256 256
627 88 256 256
627 89 256 256
627 90 256 256
627 91 256 256
627 92 256 256
627 93 256 256
627 94 256 256
627 95 256 256
627 96 256 256
627 97 256 256
627 98 256 256
627 99 256 256
627 44 256 256
627 45 256 256
627 46 256 256
627 47 256 256
627 48 256 256
627 49 256 256
627 5 256 256
627 50 256 256
627 51 256 256
627 52 256 256
627 53 256 256
627 6 256 256
627 7 256 256
627 8 256 256
627 9 47 95
7003 2 111 14
7003 3 124 16
7003 4 122 16
7004 0 94 204
7004 1 94 204
7004 2 94 204
7004 3 94 204
7004 4 94 204
7004 5 94 204
7005 0 1071 103
7005 1 1071 103
7005 2 1071 103
7005 3 1071 103
7005 4 1071 103
7005 5 1071 103
7005 6 1071 103
7005 7 1071 103
7005 8 1071 103
7005 9 1071 103
7005 10 1071 103
7005 11 1071 103
7005 12 1071 103
7005 13 1071 103
7005 14 1071 103
7005 15 1071 103
7005 16 1071 103
7005 17 1071 103
7005 18 1071 103
7005 19 1071 103
7005 20 1071 103
7006 0 408 167
7006 1 408 167
7006 2 408 167
7006 3 408 167
7006 4 408 167
7006 5 408 167
7006 6 408 167
7006 7 408 167
7006 8 408 167
7006 9 408 167
7007 0 0 109
7007 1 0 114
7007 2 0 113
7007 3 0 109
7007 4 3 110
7007 5 0 83
7008 0 303 87
7008 1 370 109
7008 2 434 122
7008 3 460 150
7008 4 457 177
7009 0 108 237
7009 1 114 258
7009 2 121 280
7009 3 128 199
7009 4 135 204
7009 5 123 181
7009 6 125 169
7009 7 127 165
7009 8 124 106
7009 9 115 92
7010 0 112 86
7010 1 221 142
7010 2 239 294
7010 3 248 294
7010 4 243 298
7010 5 229 300
7010 6 223 294
7011 0 250 567
7011 1 250 567
7011 2 250 567
7011 3 250 567
7011 4 250 567
7011 5 250 567
7011 6 250 567
7011 7 250 567
7011 8 250 567
7011 9 250 567
7011 10 250 567
7011 11 250 567
7012 0 96 49
7012 1 118 53
7012 2 142 64
7012 3 165 76
7012 4 168 77
7012 5 168 80
7012 6 167 83
7012 7 76 87
7012 8 76 87
7012 9 76 88
7012 10 76 88
7012 11 74 89
7012 12 68 86
7012 13 68 68
7013 0 117 106
7013 1 117 106
7013 2 117 106
7013 3 117 106
7013 4 117 106
7013 5 117 106
7013 6 117 106
7013 7 117 106
7013 8 117 106
7013 9 117 106
7014 0 89 64
7014 1 103 74
7014 2 108 77
7014 3 113 80
7014 4 117 83
7014 5 121 81
7014 6 124 83
7014 7 125 76
7014 8 107 78
7014 9 110 66
7014 10 94 56
7014 11 23 25
7015 0 92 88
7015 1 95 91
7015 2 100 95
7015 3 103 97
7015 4 106 100
7015 5 109 104
7015 6 113 107
7015 7 116 110
7015 8 120 113
7015 9 123 116
7015 10 127 118
7015 11 130 120
7015 12 132 121
7015 13 134 123
7015 14 137 125
7015 15 138 125
7015 16 141 126
7015 17 142 126
7015 18 143 127
7015 19 144 126
7015 20 145 122
7015 21 145 117
7015 22 144 110
7015 23 140 104
7015 24 134 93
7015 25 115 72
7016 0 100 200
7016 1 100 200
7016 2 100 200
7016 3 100 200
7016 4 100 200
7016 5 100 200
7016 6 100 200
7016 7 100 200
7016 8 100 200
7016 9 100 200
7016 10 100 200
7016 11 100 200
7016 12 100 200
7016 13 100 200
7016 14 100 200
7016 15 100 200
7016 16 100 200
7016 17 100 200
7016 18 100 200
7016 19 100 200
7016 20 100 200
7017 0 198 30
7017 1 198 30
7017 2 198 30
7017 3 198 30
7017 4 198 30
7017 5 198 30
7017 6 198 30
7017 7 198 30
7017 8 198 30
7017 9 198 30
7017 10 198 30
7017 11 198 30
7017 12 198 30
7017 13 198 29
7017 14 197 29
7017 15 198 29
7017 16 197 29
7017 17 198 30
7017 18 198 30
7017 19 198 30
7017 20 198 30
7019 0 6 7
7019 1 10 11
7019 2 11 13
7019 3 11 14
7019 4 8 14
7019 5 7 11
7019 6 7 5
7020 0 114 20
7021 0 103 169
7021 1 103 169
7021 2 111 169
7021 3 113 169
7021 4 108 169
7021 5 284 176
7021 6 103 169
7021 7 101 240
7022 0 245 139
7022 1 68 63
7022 2 246 155
7022 3 109 72
7022 4 119 84
7022 5 103 92
7022 6 114 110
7022 7 130 119
7022 8 138 128
7022 9 155 138
7022 10 172 142
7022 11 262 144
7022 12 180 152
7023 0 1071 103
7023 1 1071 103
7023 2 1071 103
7023 3 1071 103
7023 4 1071 103
7023 5 1071 103
7023 6 1071 103
7023 7 1071 103
7023 8 1071 103
7023 9 1071 103
7023 10 1071 103
7023 11 1071 103
7023 12 1071 103
7023 13 1071 103
7023 14 1071 103
7023 15 1071 103
7023 16 1071 103
7023 17 1071 103
7023 18 1071 103
7023 19 1071 103
7023 20 1071 103
7023 21 1071 103
7023 22 1071 103
7023 23 1071 103
7023 24 1071 103
7024 0 580 263
7025 0 209 106
7025 1 209 106
7025 2 209 106
7025 3 209 106
7025 4 209 106
7025 5 209 106
7025 6 148 99
7025 7 148 99
7025 8 148 99
7025 9 148 99
7025 10 148 99
7026 0 107 95
7026 1 260 239
7026 2 190 224
7026 3 184 209
7026 4 179 166
7026 5 174 132
7026 6 159 124
7026 7 133 118
7026 8 122 110
7027 0 194 78
7027 1 194 78
7027 2 194 78
7027 3 194 78
7027 4 194 78
7028 0 90 50
7028 1 90 50
7028 2 97 56
7028 3 99 60
7028 4 105 61
7028 5 110 64
7028 6 117 80
7028 7 122 83
7028 8 125 84
7028 9 137 73
7028 10 135 82
7028 11 129 109
7028 12 134 179
7028 13 160 192
7028 14 173 216
7028 15 183 229
7028 16 188 232
7028 17 192 216
7028 18 179 227
7028 19 187 234
7028 20 185 222
7028 21 189 227
7028 22 195 231
7028 23 199 236
7028 24 206 216
7028 25 210 226
7028 26 215 234
7028 27 217 236
7028 28 224 221
7028 29 228 225
7028 30 229 216
7028 31 230 222
7028 32 231 228
7028 33 234 232
7028 34 234 225
7028 35 235 230
7028 36 235 234
7028 37 237 224
7028 38 237 230
7028 39 236 236
7028 40 234 241
7028 41 229 228
7028 42 226 225
7028 43 226 224
7028 44 226 222
7028 45 226 220
7028 46 223 218
7028 47 212 208
7028 48 212 211
7028 49 212 211
7028 50 211 211
7028 51 210 178
7028 52 186 144
7028 53 174 140
7029 0 272 620
7029 1 273 696
7029 2 287 778
7029 3 303 856
7029 4 305 846
7029 5 308 674
7029 6 309 684
7029 7 291 690
7029 8 306 624
7029 9 302 710
7029 10 301 762
7029 11 273 842
7029 12 270 692
7029 13 281 752
7029 14 286 730
7029 15 288 774
7029 16 279 586
7029 17 284 600
7029 18 299 664
7029 19 301 742
7029 20 305 826
7029 21 292 684
7029 22 286 670
7029 23 298 746
7029 24 286 722
7029 25 257 630
7029 26 265 704
7029 27 271 790
7029 28 272 874
7029 29 251 726
7029 30 269 606
7029 31 278 602
7031 0 960 1080
7031 1 960 1080
7031 2 960 1080
7031 3 960 1080
7031 4 960 1080
7031 5 960 1080
7031 6 960 1080
7031 7 960 1080
7031 8 960 1080
7031 9 960 1080
7031 10 960 1080
7031 11 960 1080
7031 12 960 1080
7031 13 960 1080
7031 14 960 1080
7031 15 960 1080
7031 16 960 1080
7031 17 960 1080
7031 18 960 1080
7031 19 960 1080
7031 20 960 1080
7031 21 960 1080
7031 22 960 1080
7031 23 960 1080
7031 24 960 1080
7031 25 960 1080
7031 26 960 1080
7031 27 960 1080
7031 28 960 1080
7031 29 960 1080
7032 0 300 169
7032 1 300 169
7032 2 300 169
7032 3 300 169
7032 4 300 169
7032 5 300 169
7032 6 300 169
7032 7 300 169
7032 8 300 169
7032 9 300 169
7032 10 300 169
7032 11 300 169
7032 12 300 169
7032 13 300 169
7032 14 300 169
7032 15 300 169
7032 16 300 169
7032 17 300 169
7032 18 300 169
7032 19 300 169
7034 0 118 159
7035 0 49 39
7035 1 52 40
7035 2 55 38
7036 0 209 106
7036 1 209 106
7036 2 209 106
7036 3 209 106
7036 4 209 106
7036 5 209 106
7036 6 148 99
7036 7 148 99
7036 8 148 99
7036 9 148 99
7037 0 64 29
7037 1 63 30
7037 2 64 29
7037 3 67 29
7037 4 67 28
7037 5 8 21
7037 6 5 21
7037 7 3 16
7037 8 65535 14
7037 9 65534 8
7038 0 136 273
7038 1 136 273
7038 2 136 273
7038 3 175 349
7038 4 282 482
7038 5 282 482
7038 6 282 482
7038 7 282 482
7038 8 282 482
7038 9 282 482
7038 10 282 482
7039 0 13 9
7039 1 10 9
7039 2 22 12
7039 3 30 16
7039 4 22 27
7039 5 28 24
7039 6 28 28
7041 0 186 150
7041 1 192 182
7041 2 192 200
7041 3 192 219
7041 4 192 238
7041 5 192 256
7041 6 192 273
7041 7 192 290
7041 8 192 304
7041 9 192 304
7041 10 192 304
7041 11 192 304
7041 12 192 304
7041 13 192 304
7041 14 192 304
7041 15 192 304
7041 16 192 304
7041 17 192 304
7041 18 192 304
7041 19 192 304
7041 20 192 304
7041 21 192 304
7041 22 192 304
7041 23 192 304
7041 24 192 304
7041 25 192 304
7041 26 192 304
7041 27 192 304
7041 28 192 304
7042 0 116 96
7042 1 116 96
7042 2 116 96
7042 3 116 96
7043 0 194 78
7043 1 208 71
7043 2 208 67
7043 3 211 68
7043 4 204 79
7044 0 300 225
7044 1 300 225
7044 2 300 225
7044 3 300 225
7044 4 300 225
7044 5 300 225
7044 6 300 225
7045 0 160 240
7045 1 160 240
7045 2 160 240
7045 3 160 240
7045 4 160 240
7045 5 160 240
7045 6 160 240
7045 7 160 240
7045 8 160 240
7045 9 160 240
7045 10 156 204
7045 11 160 210
7046 0 427 480
7046 1 427 480
7046 2 427 480
7046 3 427 480
7046 4 427 480
7046 5 427 480
7046 6 427 480
7046 7 427 480
7046 8 427 480
7046 9 427 480
7046 10 427 480
7046 11 427 480
7046 12 427 480
7046 13 427 480
7046 14 427 480
7046 15 427 480
7046 16 427 480
7046 17 427 480
7046 18 427 480
7046 19 427 480
7046 20 427 480
7046 21 427 480
7046 22 427 480
7046 23 427 480
7046 24 427 480
7046 25 427 480
7046 26 427 480
7046 27 427 480
7046 28 427 480
7046 29 427 480
7046 30 427 480
7046 31 427 480
7046 32 427 480
7046 33 427 480
7046 34 427 480
7046 35 427 480
7046 36 427 480
7046 37 427 480
7046 38 427 480
7046 39 427 480
7046 40 427 480
7046 41 427 480
7046 42 427 480
7046 43 427 480
7046 44 427 480
7046 45 427 480
7046 46 427 480
7046 47 427 480
7046 48 427 480
7046 49 427 480
7046 50 427 480
7046 51 427 480
7046 52 427 480
7046 53 427 480
7046 54 427 480
7046 55 427 480
7046 56 427 480
7046 57 427 480
7046 58 427 480
7046 59 427 480
7046 60 427 480
7046 61 427 480
7046 62 427 480
7046 63 427 480
7046 64 427 480
7046 65 427 480
7046 66 427 480
7046 67 427 480
7047 0 512 384
7047 1 512 384
7047 2 512 384
7047 3 512 384
7047 4 512 384
7047 5 512 384
7047 6 512 384
7047 7 512 384
7047 8 512 384
7047 9 512 384
7047 10 512 384
7047 11 512 384
7047 12 512 384
7048 0 91 60
7049 0 87 63
7050 0 15 13
7050 1 13 15
7050 2 11 11
7050 3 11 11
7050 4 6 8
7050 5 6 7
7051 0 108 33
7051 1 123 44
7051 2 131 52
7051 3 129 65
7051 4 128 99
7051 5 129 108
7051 6 129 116
7051 7 127 124
7051 8 133 121
7051 9 130 126
7051 10 131 111
7051 11 132 117
7051 12 131 109
7051 13 129 119
7051 14 128 105
7051 15 129 107
7051 16 129 117
7051 17 127 125
7051 18 133 121
7051 19 130 126
7051 20 129 110
7051 21 126 116
7051 22 100 106
7051 23 101 105
7051 24 102 76
7052 0 109 51
8888 0 142 134
7052 1 152 72
7052 2 192 88
7052 3 201 90
7052 4 211 94
7052 5 222 96
7052 6 229 101
7052 7 240 104
7052 8 248 109
7052 9 258 111
7052 10 264 116
7052 11 275 111
7052 12 270 115
7052 13 279 113
7052 14 268 109
7052 15 264 114
7052 16 274 102
7052 17 277 102
7052 18 270 104
7052 19 274 102
7052 20 283 105
7052 21 281 100
7052 22 292 104
7052 23 279 102
7052 24 288 102
7052 25 276 106
7052 26 285 101
7053 0 43 14
7053 1 38 47
7053 2 101 163
7053 3 104 173
7053 4 105 173
7053 5 101 175
7053 6 98 179
7053 7 94 179
7053 8 82 175
7053 9 61 155
7053 10 42 147
7054 0 42 134
7054 1 42 203
7054 2 42 249
7054 3 42 253
7054 4 42 260
7054 5 42 266
7054 6 42 271
7054 7 42 275
7054 8 42 280
7054 9 42 282
7054 10 42 286
7054 11 42 284
7054 12 42 284
7054 13 42 284
7054 14 42 281
7054 15 42 277
7054 16 42 275
7054 17 42 269
7054 18 42 264
7054 19 42 254
7054 20 42 243
7054 21 42 232
7054 22 42 131
7055 0 250 567
7055 1 250 567
7055 2 250 567
7055 3 250 567
7055 4 250 567
7055 5 250 567
7055 6 250 567
7055 7 250 567
7055 8 250 567
7055 9 250 567
7055 10 250 567
7055 11 250 567
7056 0 65519 90
7056 1 23 95
7056 2 50 95
7056 3 58 95
7056 4 70 95
7056 5 70 94
7056 6 69 94
7056 7 67 94
7056 8 68 89
7056 9 69 79
7056 10 70 75
7057 0 160 380
7057 1 160 380
7057 2 159 381
7057 3 158 380
7057 4 157 374
7057 5 155 370
7057 6 154 362
7057 7 154 369
7057 8 155 366
7057 9 154 358
7057 10 154 355
7057 11 153 360
7057 12 154 368
7057 13 154 372
7057 14 155 345
7057 15 158 349
7057 16 157 353
7057 17 157 355
7057 18 157 362
7057 19 158 364
7057 20 157 370
7057 21 158 373
7057 22 158 369
7057 23 158 354
7057 24 158 361
7057 25 158 369
7057 26 157 375
7057 27 157 378
7057 28 157 378
7057 29 156 378
7057 30 153 378
7057 31 154 377
7057 32 154 376
7057 33 155 374
7057 34 157 373
7057 35 157 368
7057 36 158 365
7057 37 158 365
7057 38 157 371
7057 39 157 372
7057 40 157 372
7057 41 157 373
7057 42 158 376
7057 43 159 376
7057 44 159 376
7057 45 158 369
7057 46 158 367
7057 47 156 365
7057 48 155 356
7057 49 156 360
7057 50 157 363
7057 51 157 357
7057 52 157 344
7057 53 156 350
7057 54 155 356
7057 55 154 362
7057 56 153 369
7057 57 153 373
7057 58 155 374
7057 59 155 374
7058 0 320 240
7058 1 320 240
7058 2 320 240
7058 3 320 240
7058 4 320 240
7058 5 320 240
7058 6 320 240
7058 7 320 240
7058 8 320 240
7058 9 320 240
7058 10 320 240
7058 11 320 240
7058 12 320 240
7058 13 320 240
7058 14 320 240
7058 15 320 240
7058 16 320 240
7058 17 320 240
7058 18 320 240
7058 19 320 240
7058 20 320 240
7058 21 320 240
7058 22 320 240
7058 23 320 240
7058 24 320 240
7058 25 320 240
7058 26 320 240
7058 27 320 240
7058 28 320 240
7058 29 320 240
7059 0 158 141
7059 1 158 141
7059 2 158 141
7059 3 158 141
7059 4 158 141
7059 5 158 141
7059 6 158 141
7059 7 158 141
7059 8 158 141
7059 9 158 141
7059 10 158 141
7060 0 49 14
7060 1 49 13
7060 2 49 10
7060 3 50 9
7061 0 77 81
7061 1 124 159
7061 2 124 143
7061 3 118 133
7061 4 112 127
7061 5 104 113
7061 6 106 203
7061 7 106 203
7061 8 107 201
7061 9 106 201
7061 10 108 201
7061 11 107 201
7061 12 91 189
7061 13 95 191
7061 14 96 191
7061 15 104 189
7062 0 524 800
7062 1 524 800
7062 2 524 800
7062 3 524 800
7062 4 524 800
7062 5 524 800
7062 6 524 800
7062 7 524 800
7062 8 524 800
7062 9 524 800
7062 10 524 800
7062 11 524 800
7062 12 524 800
7062 13 524 800
7062 14 524 800
7062 15 524 800
7062 16 524 800
7062 17 524 800
7062 18 524 800
7062 19 524 800
7062 20 524 800
7062 21 524 800
7062 22 524 800
7062 23 524 800
7062 24 524 800
7062 25 524 800
7062 26 524 800
7062 27 524 800
7062 28 524 800
7062 29 524 800
7062 30 524 800
7062 31 524 800
7062 32 524 800
7062 33 524 800
7062 34 524 800
7062 35 524 800
7062 36 524 800
7062 37 524 800
7062 38 524 800
7062 39 524 800
7062 40 524 800
7062 41 524 800
7062 42 524 800
7062 43 524 800
7062 44 524 800
7062 45 524 800
7062 46 524 800
7062 47 524 800
7062 48 524 800
7062 49 524 800
7062 50 524 800
7062 51 524 800
7062 52 524 800
7062 53 524 800
7062 54 524 800
7062 55 524 800
7062 56 524 800
7062 57 524 800
7062 58 524 800
7062 59 524 800
7062 60 524 800
7062 61 524 800
7062 62 524 800
7062 63 524 800
7062 64 524 800
7062 65 524 800
7062 66 524 800
7062 67 524 800
7062 68 524 800
7062 69 524 800
7062 70 524 800
7062 71 524 800
7062 72 524 800
7062 73 524 800
7062 74 524 800
7062 75 524 800
7062 76 524 800
7062 77 524 800
7062 78 524 800
7062 79 524 800
7062 80 524 800
7062 81 524 800
7062 82 524 800
7062 83 524 800
7062 84 524 800
7062 85 524 800
7062 86 524 800
7062 87 524 800
7062 88 524 800
7062 89 524 800
7062 90 524 800
7062 91 524 800
7062 92 524 800
7062 93 524 800
7062 94 524 800
7062 95 524 800
7062 96 524 800
7062 97 524 800
7062 98 524 800
7062 99 524 800
7062 100 524 800
7062 101 524 800
7062 102 524 800
7062 103 524 800
7062 104 524 800
7062 105 524 800
7062 106 524 800
7062 107 524 800
7062 108 524 800
7062 109 524 800
7062 110 524 800
7062 111 524 800
7062 112 524 800
7062 113 524 800
7062 114 524 800
7062 115 524 800
7062 116 524 800
7062 117 524 800
7062 118 524 800
7062 119 524 800
7063 0 301 77
7063 1 301 83
7063 2 301 84
7063 3 301 85
7063 4 301 86
7063 5 301 80
7063 6 301 81
7063 7 301 82
7064 0 83 162
7064 1 84 192
7064 2 81 190
7064 3 79 184
7064 4 82 190
7064 5 84 194
7064 6 82 182
7065 0 68 33
7065 1 67 32
7065 2 66 33
7066 0 103 142
7066 1 147 198
7066 2 150 219
7066 3 149 215
7066 4 147 214
7066 5 147 215
7066 6 146 211
7066 7 149 193
7066 8 148 190
7067 0 199 194
7067 1 193 188
7067 2 188 183
7067 3 183 178
7067 4 179 177
7067 5 176 178
7067 6 175 182
7067 7 185 195
7067 8 232 228
7067 9 280 240
7067 10 294 240
7067 11 303 240
7067 12 320 240
7067 13 320 240
7067 14 269 240
7067 15 280 240
7067 16 243 240
7067 17 195 206
7067 18 154 165
7068 0 149 115
7068 1 320 286
7068 2 320 282
7068 3 219 246
7069 0 32 32
7069 1 104 82
7069 2 111 98
7069 3 176 147
7069 4 169 147
7069 5 154 156
7069 6 145 152
7069 7 140 150
7069 8 151 162
7069 9 165 144
7069 10 142 147
7069 11 142 140
7069 12 117 109
7069 13 64 90
8000 0 640 720
8000 1 640 720
8000 2 640 720
8000 3 640 720
8000 4 640 720
8000 5 640 720
8000 6 640 720
8000 7 640 720
8000 8 640 720
8000 9 640 720
8000 10 640 720
8000 11 640 720
8000 12 640 720
8000 13 640 720
8000 14 640 720
8000 15 640 720
8000 16 640 720
8000 17 640 720
8000 18 640 720
8000 19 640 720
8000 20 640 720
8000 21 640 720
8000 22 640 720
8000 23 640 720
8001 0 363 197
2732 1 512 512
2732 10 512 512
2732 11 512 512
2732 12 512 512
2732 13 512 512
2732 14 512 512
2732 15 512 512
2732 16 512 512
2732 17 512 512
2732 18 512 512
2732 19 512 512
2732 2 512 512
2732 20 512 512
2732 21 512 512
2732 22 512 512
2732 23 512 512
2732 24 512 512
2732 25 512 512
2732 26 512 512
2732 27 512 512
2732 28 512 512
2732 29 512 512
2732 3 512 512
2732 30 512 512
2732 31 512 512
2732 32 512 512
2732 33 512 512
2732 34 512 512
2732 35 512 512
2732 36 512 512
2732 37 512 512
2732 38 512 512
2732 39 512 512
2732 4 512 512
2732 40 512 512
2732 41 512 512
2732 42 512 512
2732 43 512 512
2732 44 512 512
2732 45 512 512
2732 46 512 512
2732 47 512 512
2732 48 512 512
2732 49 512 512
2732 5 512 512
2732 50 512 512
2732 51 512 512
2732 52 512 512
2732 53 512 512
2732 54 512 512
2732 55 512 512
2732 56 512 512
2732 57 512 512
2732 58 512 512
2732 59 512 512
2732 6 512 512
2732 60 512 512
2732 61 512 512
2732 62 512 512
2732 63 512 512
2732 64 512 512
2732 7 512 512
2732 8 512 512
2732 9 512 512
2731 1 512 512
2731 10 512 512
2731 11 512 512
2731 12 512 512
2731 13 512 512
2731 14 512 512
2731 15 512 512
2731 16 512 512
2731 17 512 512
2731 18 512 512
2731 19 512 512
2731 2 512 512
2731 20 512 512
2731 21 512 512
2731 22 512 512
2731 23 512 512
2731 24 512 512
2731 25 512 512
2731 26 512 512
2731 27 512 512
2731 28 512 512
2731 29 512 512
2731 3 512 512
2731 30 512 512
2731 31 512 512
2731 32 512 512
2731 33 512 512
2731 34 512 512
2731 35 512 512
2731 36 512 512
2731 37 512 512
2731 38 512 512
2731 39 512 512
2731 4 512 512
2731 40 512 512
2731 41 512 512
2731 42 512 512
2731 43 512 512
2731 44 512 512
2731 45 512 512
2731 46 512 512
2731 47 512 512
2731 48 512 512
2731 49 512 512
2731 5 512 512
2731 50 512 512
2731 51 512 512
2731 52 512 512
2731 53 512 512
2731 54 512 512
2731 55 512 512
2731 56 512 512
2731 57 512 512
2731 58 512 512
2731 59 512 512
2731 6 512 512
2731 60 512 512
2731 61 512 512
2731 62 512 512
2731 63 512 512
2731 64 512 512
2731 7 512 512
2731 8 512 512
2731 9 512 512
9415 1 512 512
9415 10 512 512
9415 11 512 512
9415 12 512 512
9415 13 512 512
9415 14 512 512
9415 15 512 512
9415 16 512 512
9415 17 512 512
9415 18 512 512
9415 19 512 512
9415 2 512 512
9415 20 512 512
9415 21 512 512
9415 22 512 512
9415 23 512 512
9415 24 512 512
9415 25 512 512
9415 26 512 512
9415 27 512 512
9415 28 512 512
9415 29 512 512
9415 3 512 512
9415 30 512 512
9415 31 512 512
9415 32 512 512
9415 33 512 512
9415 34 512 512
9415 35 512 512
9415 36 512 512
9415 37 512 512
9415 38 512 512
9415 39 512 512
9415 4 512 512
9415 40 512 512
9415 41 512 512
9415 42 512 512
9415 43 512 512
9415 44 512 512
9415 45 512 512
9415 46 512 512
9415 47 512 512
9415 48 512 512
9415 49 512 512
9415 5 512 512
9415 50 512 512
9415 51 512 512
9415 52 512 512
9415 53 512 512
9415 54 512 512
9415 55 512 512
9415 56 512 512
9415 57 512 512
9415 58 512 512
9415 59 512 512
9415 6 512 512
9415 60 512 512
9415 61 512 512
9415 62 512 512
9415 63 512 512
9415 64 512 512
9415 7 512 512
9415 8 512 512
9415 9 512 512
2733 1 512 512
2733 10 512 512
2733 11 512 512
2733 12 512 512
2733 13 512 512
2733 14 512 512
2733 15 512 512
2733 16 512 512
2733 17 512 512
2733 18 512 512
2733 19 512 512
2733 2 512 512
2733 20 512 512
2733 21 512 512
2733 22 512 512
2733 23 512 512
2733 24 512 512
2733 25 512 512
2733 26 512 512
2733 27 512 512
2733 28 512 512
2733 29 512 512
2733 3 512 512
2733 30 512 512
2733 31 512 512
2733 32 512 512
2733 33 512 512
2733 34 512 512
2733 35 512 512
2733 36 512 512
2733 37 512 512
2733 38 512 512
2733 39 512 512
2733 4 512 512
2733 40 512 512
2733 41 512 512
2733 42 512 512
2733 43 512 512
2733 44 512 512
2733 45 512 512
2733 46 512 512
2733 47 512 512
2733 48 512 512
2733 49 512 512
2733 5 512 512
2733 50 512 512
2733 51 512 512
2733 52 512 512
2733 53 512 512
2733 54 512 512
2733 55 512 512
2733 56 512 512
2733 57 512 512
2733 58 512 512
2733 59 512 512
2733 6 512 512
2733 60 512 512
2733 61 512 512
2733 62 512 512
2733 63 512 512
2733 64 512 512
2733 7 512 512
2733 8 512 512
2733 9 512 512
8001 1 342 276
8001 2 345 431
8001 3 379 474
8001 4 346 422
8001 5 346 423
8001 6 344 469
8001 7 343 483
8001 8 342 470
8002 0 360 576
8002 1 360 576
8002 2 360 576
8002 3 360 576
8002 4 360 576
8002 5 360 576
8002 6 360 576
8002 7 360 576
8002 8 360 576
8002 9 360 576
8002 10 360 576
8100 0 241 327
8100 1 23 160
8100 2 24 175
8100 3 36 280
8100 4 36 276
8100 5 37 238
8100 6 34 256
8100 7 20 247
8100 8 19 243
8979 0 106 369
8979 1 106 369
8979 2 106 369
8979 3 106 369
8979 4 106 369
8979 5 106 369
8979 6 106 369
8979 7 106 369
8979 8 106 369
8979 9 106 369
8979 10 106 369
8979 11 106 369
8979 12 106 369
8979 13 106 369
8979 14 106 369
8979 15 106 369
8979 16 106 369
8979 17 106 369
9000 0 0 0
9000 1 0 0
9000 2 20 18
9000 10 0 0
9021 0 320 240
9021 0 320 240
9021 1 320 240
87 0 320 480
89 1 315 490
89 10 315 490
89 11 315 490
89 12 315 490
89 13 315 490
89 2 315 490
89 3 315 490
89 4 315 490
89 5 315 490
89 6 315 490
89 7 315 490
89 8 315 490
89 9 315 490
87 1 320 480
87 2 320 480
87 3 320 480
87 4 320 480
87 5 320 480
87 6 320 480
87 7 320 480
87 8 320 480
87 9 320 480
87 10 320 480
87 11 320 480
87 12 320 480
9060 0 0 22
9061 0 76 69
9061 1 76 69
9061 2 76 69
9061 3 76 69
9061 4 76 69
9061 5 76 69
9061 6 76 69
9061 7 76 69
9061 8 76 69
9061 9 76 69
10010 0 14 55
10010 1 14 47
10027 0 426 76
10100 0 18 52
10100 1 16 45
10130 0 18 50
11215 0 10 52
11215 1 12 49
11215 2 12 49
10220 0 20 48
10220 1 20 59
10220 2 21 61
10220 3 19 63
10220 4 32 61
10300 0 21 50
10300 1 15 56
10300 2 12 54
10300 3 21 49
10300 4 21 49
10320 4 21 49
10420 0 14 61
10420 1 14 61
10420 2 14 61
10420 3 14 61
10420 4 14 61
10420 5 14 63
10420 6 21 37
10500 0 18 53
10500 1 17 61
11000 0 30 46
11000 1 30 46
11000 2 7 51
11000 3 21 30
11050 0 10 62
11050 1 10 61
11050 2 10 61
11051 0 24 34
11051 1 24 34
11052 0 100 100
11201 0 19 26
11250 0 19 50
11250 1 8 10
11250 2 8 10
11250 3 21 50
11251 0 11 60
11251 1 25 60
11251 2 25 60
11252 0 5 6
11300 0 14 60
11300 1 17 60
11300 2 17 40
12000 0 20 20
12000 1 24 20
12000 2 15 26
12000 3 19 32
12000 4 18 37
12000 5 15 30
12000 6 32 8
12000 7 43 8
12000 8 102 13
12000 9 102 15
13000 0 12 60
13000 1 23 64
13000 2 12 61
13000 3 20 68
13000 4 13 61
19000 0 12 12
268 0 8 21
268 1 8 21
268 2 8 21
268 3 8 21
268 4 8 21
268 5 8 21
0 19105 18 55
20001 46 28 95
20001 4 28 95
20001 5 28 94
20001 6 28 94
20001 7 28 95
20001 8 28 95
20001 9 7 45
20001 19 7 53
20001 60 7 53
20001 61 7 53
1 13000 49 167
1 13001 33 159
1 13002 80 170
20001 10 28 93
20001 11 28 89
20001 12 28 89
20001 13 28 89
20001 14 28 89
20001 15 47 53
20001 16 45 83
20001 17 49 82
20001 18 48 77
20001 19 44 59
20001 20 53 56
20001 21 43 53
20001 22 48 52
20001 23 44 24
20001 24 27 93
20001 25 32 139
20001 26 32 139
20001 27 32 139
20001 28 38 60
20001 29 36 60
20001 30 27 89
20001 31 31 89
20001 32 30 88
301 15 48 86
301 16 49 92
20001 33 37 88
20001 34 38 88
20001 35 31 88
20001 36 33 88
20001 40 33 88
20001 41 33 88
20001 42 33 88
20001 43 6 43
7034 1 340 247
7034 2 340 247
7034 3 340 247
7034 4 340 247
7034 5 340 247
7034 6 340 247
7034 7 340 247
7034 8 340 247
7034 9 340 247
7039 10 247 113
7071 0 200 200
7071 1 200 200
7071 2 200 200
7071 3 200 200
7071 4 198 201
7071 5 200 200
7071 6 200 197
7071 7 183 193
7071 8 186 194
7071 9 201 210
7071 10 201 210
7071 11 195 194
7071 12 194 192
7071 13 195 259
7001 0 181 262
7001 1 181 262
7001 2 181 262
7001 3 181 262
7001 4 181 263
12006 0 350 350
12006 1 350 350
12006 2 350 350
73 1 256 256
73 10 256 256
73 11 256 256
73 12 256 256
73 13 256 256
73 14 256 256
73 15 256 256
73 16 256 256
73 17 256 256
73 18 256 256
73 19 256 256
73 2 256 256
73 20 256 256
73 21 256 256
73 22 256 256
73 23 256 256
73 24 256 256
73 25 256 256
73 26 256 256
73 27 256 256
73 28 256 256
73 29 256 256
73 3 256 256
73 30 256 256
73 31 256 256
73 32 256 256
73 33 256 256
73 34 256 256
73 35 256 256
73 36 256 256
73 37 256 256
73 38 256 256
73 39 256 256
73 4 256 256
73 40 256 256
73 41 256 256
73 42 256 256
73 43 256 256
73 44 256 256
73 45 256 256
73 46 256 256
73 47 256 256
73 48 256 256
73 49 256 256
73 5 256 256
73 50 256 256
73 51 256 256
73 52 256 256
73 53 256 256
73 6 256 256
73 7 256 256
73 8 256 256
73 9 256 256
12006 3 350 350
12006 4 350 350
12006 5 350 350
12006 6 350 350
12006 7 350 350
7122 0 136 74
7122 1 152 123
7122 2 246 125
7122 3 243 96
7122 4 217 78
7122 5 205 58
7122 6 185 67
7122 7 169 73
7122 8 102 56
7122 9 112 74
7122 10 133 56
8006 0 25 21
8006 1 59 49
8006 2 83 60
8006 4 107 83
8006 5 115 85
8006 6 116 86
8006 7 115 89
8006 8 118 90
8006 9 118 85
8006 10 101 86
8006 11 94 72
8006 12 85 87
8006 13 77 73
8006 14 78 73
8006 15 76 49
8006 16 74 48
8006 17 69 45
8006 18 39 45
1270 0 115 115
1270 1 115 115
1270 2 115 115
1270 3 114 114
1270 4 114 114
1270 5 114 115
1270 6 114 115
1270 7 113 115
1270 8 113 115
1270 9 112 115
1270 10 113 115
1270 11 112 115
1270 12 112 115
1270 13 112 116
1270 14 113 115
1270 15 113 116
1270 16 114 116
1270 17 114 117
1270 18 115 117
1270 19 115 117
1270 20 115 117
1270 21 115 117
1270 22 115 117
1270 23 115 117
1270 24 116 117
1270 25 116 117
1270 26 116 116
1270 27 116 116
1270 28 116 115
1270 29 116 116
1270 30 116 116
1270 31 115 116
123 1 15 15
123 2 15 15
20007 0 28 73
20007 1 27 67
20007 2 35 64
20007 100 35 64
20007 3 37 64
20007 35 41 84
20007 36 41 87
20007 37 41 88
20007 38 41 87
20007 4 27 60
20007 5 28 60
20007 39 37 88
20007 65 34 79
20007 67 34 79
20007 7 36 57
20007 8 34 55
20007 9 30 52
20007 10 30 71
20007 11 38 80
20007 12 33 61
20007 14 26 61
20007 84 26 61
20007 15 29 56
20007 16 30 56
20007 22 28 61
20007 51 38 93
20007 52 36 92
20007 53 35 92
20007 56 36 92
20007 57 30 80
20007 58 30 80
20007 59 30 80
20007 60 30 80
20007 61 30 80
20007 62 30 80
20007 63 30 80
20007 64 36 94
20007 30 39 44
20007 33 22 59
20007 6 36 92
20007 13 36 92
20007 40 32 78
20007 41 33 73
20007 42 34 73
20007 43 38 76
20007 44 31 55
20007 24 36 94
20007 25 36 94
20007 45 27 73
20007 46 29 72
20007 47 32 65
20007 48 25 40
20007 49 15 21
20007 50 27 66
20007 26 41 92
20007 27 41 92
20007 28 41 92
20007 29 41 80
20007 31 42 89
20007 32 41 80
20007 34 41 80
20007 54 30 60
20007 55 36 54
20007 66 36 54
20007 72 25 69
20007 73 25 68
841 0 110 144
841 1 110 144
841 10 110 144
841 11 110 144
841 12 110 144
841 13 110 144
841 14 110 144
841 15 110 144
841 16 110 144
841 17 110 144
841 18 110 144
841 19 110 144
841 2 110 144
841 20 110 144
841 21 110 144
841 22 110 144
841 23 110 144
841 24 110 144
841 25 110 144
841 26 110 144
841 27 110 144
841 28 110 144
841 29 110 144
841 3 110 144
841 30 110 144
841 31 110 144
841 4 110 144
841 5 110 144
841 6 110 144
841 7 110 144
841 8 110 144
841 9 110 144
20007 76 31 54
20007 86 28 65
20007 87 30 74
20007 88 86 48
20007 89 86 48
20007 90 59 23
20007 91 30 56
20007 92 37 56
20007 93 15 6
20007 94 55 14
1680 1 24 24
1680 2 36 36
1680 3 49 49
1680 4 61 61
1680 5 85 85
1680 6 98 98
1680 7 110 110
17010 0 136 132
1012 3 117 17
1012 0 752 179
1012 1 749 178
1012 2 750 178
1012 4 165 24
1012 5 172 23
1012 6 185 25
1012 7 185 25
201 98 23 18
201 99 35 95
201 100 46 155
201 101 91 165
201 102 63 151
201 103 55 134
201 104 65 141
201 105 74 149
201 106 81 148
201 107 87 140
201 108 74 104
201 109 46 33
201 110 38 16
201 111 39 12
201 112 39 14
201 113 40 15
1112 0 206 206
270 0 100 100
301 0 428 446
210 5 16 34
210 6 16 33
210 7 16 34
210 35 23 89
2205 0 7 47
2205 1 7 48
2205 2 7 48
2205 3 7 48
2205 4 7 47
2205 5 7 46
2205 6 7 48
2205 7 7 50
2000 0 78 129
2000 1 77 156
2000 2 83 176
2000 3 88 197
2000 4 96 202
2000 5 103 211
2000 6 103 243
2000 7 102 273
2000 8 103 280
2000 9 103 287
2000 10 103 295
2000 11 102 302
2000 12 102 308
2000 13 103 314
2000 14 103 320
2000 15 101 325
2000 16 102 336
2000 17 102 346
2000 18 103 352
2000 19 103 358
2000 20 103 366
2000 21 104 369
2000 22 103 368
2000 23 70 363
2000 24 44 369
2000 25 38 377
2000 26 36 380
2000 27 34 379
2000 28 16 369
2000 29 6 355
2000 30 65510 361
2000 31 65507 367
2000 32 65499 375
2000 33 65441 378
2000 34 65415 377
2000 35 65410 367
2000 36 65402 353
2000 37 65277 342
2000 38 65264 338
2000 39 65235 327
2000 40 65234 315
2200 0 110 43
2200 1 109 43
2200 2 108 43
2200 3 106 45
2200 4 112 46
2200 5 107 45
2200 6 109 43
2200 7 112 43
2200 8 113 40
2200 9 113 38
2200 10 111 31
2200 11 107 21
2200 12 93 8
2300 31 499 817
2300 32 499 817
2300 33 499 817
2300 34 499 817
2300 35 499 817
2300 36 499 817
2300 37 499 817
2300 38 499 817
2300 39 499 817
2300 40 499 817
2305 0 83 164
2305 1 84 182
2305 2 79 193
2305 3 76 178
2305 4 82 162
2305 5 83 167
2305 6 79 164
2310 0 342 56
2310 1 337 72
2310 2 333 88
2310 3 336 83
2310 4 334 68
2310 5 335 66
2310 6 331 75
2310 7 330 75
2310 8 330 89
2310 9 331 124
2310 10 329 206
2310 11 323 271
2310 12 323 271
2310 13 317 347
2310 14 305 358
2310 15 288 374
2310 16 274 393
2310 17 242 399
2310 18 210 400
2310 19 204 400
2310 20 65518 399
2310 21 65493 400
2310 22 65458 394
2310 23 65447 388
2310 24 65368 388
2300 0 499 817
2300 1 499 817
2300 2 499 817
2300 3 499 817
2300 4 499 817
2300 5 499 817
2300 6 499 817
2300 7 499 817
2300 8 499 817
2300 9 499 817
2300 10 499 817
2300 11 499 817
2300 12 499 817
2300 13 499 817
2300 14 499 817
2300 15 499 817
2300 16 499 817
2300 17 499 817
2300 18 499 817
2300 19 499 817
2300 20 499 817
2300 21 499 817
2300 22 499 817
2300 23 499 817
2300 24 499 817
2300 25 499 817
2300 26 499 817
2300 27 499 817
2300 28 499 817
2300 29 499 817
2300 30 499 817
2315 0 285 76
2315 1 285 76
2315 2 285 76
2315 3 285 76
2315 4 285 76
2315 5 285 76
2315 6 285 76
2315 7 285 76
2316 0 114 119
2316 1 114 119
2316 2 114 119
2316 3 114 119
2316 4 114 119
2316 5 114 119
2316 6 114 119
2316 7 114 119
2316 8 114 119
2316 9 114 119
2316 10 113 113
2316 11 113 113
2316 12 113 113
2316 13 112 111
2316 14 111 110
2316 15 109 109
2316 16 106 104
2316 17 93 94
2110 0 1 39
2110 1 5 40
2110 2 4 41
2110 3 65530 37
2110 4 65529 46
2110 5 65529 46
2110 6 1 46
2110 7 1 46
2110 8 8 47
2110 9 8 47
2110 10 21 45
2110 11 21 45
2110 12 21 46
2110 13 22 47
2110 14 14 41
2110 15 11 41
2110 16 7 46
2110 17 5 46
2110 18 6 46
941 0 1208 140
941 1 1208 140
941 2 1208 140
941 19 1206 130
941 3 1208 140
941 4 1208 140
941 5 1208 140
941 17 1208 140
941 6 1208 140
941 14 1208 140
941 16 1208 140
941 7 1208 140
941 18 1208 140
941 8 1208 140
941 9 1208 140
941 10 1192 140
941 15 1208 140
941 11 1208 140
941 12 1208 140
941 13 1208 140
2110 19 6 46
2110 20 9 40
2110 21 5 41
2110 22 9 41
2110 23 4 42
7503 0 214 213
7503 1 214 213
7503 2 214 213
7503 3 219 217
7503 4 242 241
7503 5 245 248
7503 6 267 260
7503 7 263 264
7503 8 255 266
7503 9 256 267
7503 10 240 227
8500 0 320 240
8500 1 320 240
8500 2 320 240
8500 3 320 240
8500 4 320 240
8500 5 320 240
8500 6 320 240
8500 7 320 240
8500 8 320 240
8500 9 320 240
8500 10 320 240
8500 11 320 240
18400 0 112 108
18400 1 145 130
18400 2 179 171
18400 3 212 209
18400 4 226 226
18400 5 220 244
18400 6 258 259
18400 7 264 264
18400 8 268 269
18400 9 272 274
18400 10 272 276
18400 11 213 210
18400 12 207 204
18400 13 203 200
18400 14 196 192
18400 15 197 184
18400 16 197 179
18400 17 197 180
18400 18 198 180
18400 19 199 181
18400 20 199 180
18400 21 199 181
18400 22 198 181
18400 23 198 179
18400 24 196 179
18400 25 194 177
18400 26 303 304
8503 0 320 240
8503 1 320 240
8503 2 320 240
8503 3 320 240
8503 4 320 240
8503 5 320 240
8503 6 320 240
8503 7 320 240
8503 8 320 240
8503 9 320 240
8503 10 320 240
8503 11 320 240
8503 12 320 240
8503 13 320 240
8503 14 320 240
8503 15 320 240
8502 0 150 154
8502 1 152 193
8502 2 150 191
8502 3 220 189
8502 4 217 185
8502 5 216 181
8502 6 213 179
8502 7 208 175
8502 8 197 171
8502 9 247 163
8502 10 246 146
8502 11 244 156
8502 12 243 153
8502 13 238 147
8502 14 208 140
8502 15 179 138
8502 16 148 113
8502 17 117 93
8502 18 90 91
8502 19 82 85
8502 20 70 74
8502 21 60 66
8501 0 170 87
8501 1 260 130
8501 2 461 156
8501 3 509 160
8501 4 513 193
8501 5 470 201
8501 6 487 183
8501 7 431 189
8501 8 477 195
8501 9 511 183
8501 10 520 172
20007 17 37 85
20007 18 27 89
20007 19 24 84
20007 20 30 87
20007 21 28 92
20007 23 26 92
8501 11 420 160
8501 12 466 199
8501 13 462 248
8501 14 457 219
8501 15 436 221
8501 16 440 202
8501 17 446 162
8501 18 442 141
8501 19 392 135
8501 20 400 124
8501 21 473 129
8501 22 472 117
8501 23 452 96
8501 24 446 87
8501 25 474 78
8501 26 481 78
8501 27 467 55
8501 28 423 20
8501 29 432 18
8510 0 290 349
8510 1 297 349
8510 10 297 350
8510 11 312 350
1092 16 210 193
1092 17 210 193
1092 18 210 193
1092 19 210 193
1092 20 210 193
1092 21 210 193
1092 22 210 193
1092 23 210 193
1092 0 210 193
1092 1 210 193
1092 2 210 193
1092 3 210 193
1092 4 210 193
1092 5 210 193
1092 6 210 193
1092 7 210 193
1092 8 210 193
1092 9 210 193
1092 10 210 193
1092 11 210 193
1092 12 210 193
1092 13 210 193
1092 14 210 193
1092 15 210 193
1092 24 210 193
1092 25 210 193
1092 26 210 193
1092 27 210 193
1092 28 210 193
1092 29 210 193
1092 30 210 193
1092 31 210 193
7017 21 64 64
7017 22 64 64
6050 0 32 16
6050 1 34 23
6050 2 36 23
6050 3 38 23
6050 4 38 22
6050 5 40 23
6050 6 44 23
6050 7 45 22
6050 8 44 21
6750 0 128 69
6750 1 128 69
6750 2 128 69
6750 3 128 69
6750 4 128 69
6750 5 128 69
6750 6 128 69
6750 7 128 69
6750 8 128 69
6750 9 128 69
6750 10 440 263
1124 22 259 113
1124 0 259 113
1124 1 259 113
1124 2 259 113
1124 3 257 113
1124 4 257 113
1124 5 257 113
1124 6 257 113
1124 7 257 113
1124 8 257 113
1124 9 259 113
1124 10 259 113
1124 11 260 113
1124 12 260 113
1124 13 261 113
1124 14 261 113
1124 15 265 113
1124 16 265 113
1124 17 265 109
1124 18 265 109
1124 19 261 109
1124 20 261 109
1124 21 259 113
10200 1000 17 53
10200 1001 18 51
300 27 16 57
300 28 21 58
300 29 15 60
300 30 15 60
7070 7 109 19
2408 0 139 95
2408 1 135 167
2408 2 129 220
2408 3 125 221
2408 4 120 231
2408 5 116 233
2408 6 108 226
2408 7 75 221
2408 8 26 216
2408 9 65395 225
2408 10 65288 217
2408 11 65208 210
30001 0 49 143
30001 1 48 146
30001 2 47 148
30001 3 46 150
30001 4 40 150
30001 5 38 152
30001 6 35 153
30001 7 27 150
10040 0 13 63
10040 1 13 63
10040 2 20 56
10040 3 20 56
10040 4 20 56
10040 8 14 55
10040 9 21 52
200 0 16 60
200 1 17 56
200 10 17 53
200 11 7 58
200 12 15 58
200 13 22 59
200 14 24 53
200 15 20 51
200 16 20 50
200 17 17 60
200 18 22 60
200 2 22 53
200 23 29 66
200 24 23 58
200 25 20 60
200 26 26 50
200 27 28 50
200 28 26 63
200 29 29 66
200 3 18 39
200 30 29 66
200 31 29 66
200 32 29 66
200 33 29 66
1500 59 26 36
200 34 29 66
200 36 19 44
200 35 18 46
200 37 14 50
200 38 18 47
200 39 27 53
200 4 18 54
200 40 23 50
200 41 23 50
200 42 23 59
200 43 17 56
200 44 26 45
200 45 22 54
200 245 23 51
200 46 8 66
200 47 8 64
200 48 14 51
200 49 20 50
200 5 29 66
200 50 29 66
200 51 29 66
200 52 19 50
200 53 17 51
200 54 13 54
200 55 11 47
200 56 21 44
190 0 20 51
190 1 20 51
190 2 20 51
200 6 29 66
190 3 20 51
190 4 20 51
190 5 20 51
190 6 20 51
200 7 19 49
200 8 29 66
200 9 29 66
10000 1 13 59
10000 0 13 58
10000 2 13 59
10000 4 13 61
0 25 25 65
0 26 25 65
0 27 25 65
0 28 25 65
10000 5 13 60
10000 6 13 60
10000 2 13 59
10000 3 13 59
8240 0 82 20
8240 1 86 20
8240 2 78 15
8240 3 79 15
8240 4 78 15
8240 5 79 15
8240 6 78 15
8240 7 79 15
8240 8 77 15
8240 9 77 14
8230 0 81 101
8230 1 88 141
8230 2 95 173
8230 3 101 201
8230 4 107 222
8230 5 114 238
8230 6 117 249
8230 7 121 257
8230 8 124 262
8230 9 128 266
8230 10 130 268
8230 11 133 269
8230 12 136 269
8230 13 138 268
8230 14 141 266
8230 15 143 263
8230 16 145 259
8230 17 147 254
8230 18 149 248
8230 19 151 242
8230 20 153 234
8230 21 155 227
8230 22 156 219
8230 23 158 210
8230 24 160 192
8230 25 155 176
8230 26 131 168
8230 27 134 175
8230 28 140 184
8230 29 144 193
8230 30 147 201
8230 31 148 204
8230 32 149 205
8230 33 151 206
8230 34 147 208
8230 35 142 210
8230 36 142 211
8230 37 139 211
8230 38 138 204
600 0 23 52
600 1 24 52
600 2 26 51
600 3 11 58
301 1 44 100
301 2 41 98
301 3 39 95
301 4 43 94
301 5 42 94
301 12 42 94
301 6 42 94
301 7 39 93
301 8 22 71
301 10 83 127
301 9 38 90
301 11 38 90
301 21 83 138
301 22 83 138
301 35 58 103
301 36 63 104
301 37 63 104
301 38 63 104
301 39 63 104
301 40 63 104
200 79 19 36
200 80 28 29
301 13 38 90
301 14 39 90
301 17 48 54
301 18 47 64
301 19 49 85
301 20 49 86
200 81 27 28
200 82 27 59
200 83 27 59
200 84 13 57
200 85 12 57
1500 10 29 67
1500 11 20 67
1500 12 17 70
1500 13 12 56
1500 14 12 56
1500 30 27 60
1500 31 25 59
1500 32 11 61
1500 35 29 31
1500 36 44 35
1500 37 29 36
1500 33 11 61
1500 15 23 53
1500 16 19 55
1500 17 18 53
1500 18 22 51
1500 19 22 51
1500 20 16 39
1500 21 16 55
1500 22 15 54
1500 23 20 51
1500 24 35 36
1500 25 21 25
1500 26 23 25
1500 27 22 31
1500 28 22 31
210 31 13 62
1500 2 13 61
1500 1 14 61
1500 3 35 56
1500 4 35 56
1500 5 13 61
1500 6 27 61
1500 7 28 61
1500 9 30 60
1500 9 35 76
15000 10 18 38
15000 0 20 52
15000 1 20 42
15000 2 31 48
15000 5 27 25
15000 3 27 28
15000 4 26 23
15000 6 31 15
15000 26 31 15
15000 27 31 15
15000 28 31 15
15000 29 31 15
15000 7 14 27
25000 1 66 102
25000 0 66 102
25000 2 66 102
25000 3 49 35
25000 4 63 97
25000 7 48 99
25000 6 63 97
15000 8 30 27
15000 9 30 49
200 86 27 59
200 87 34 41
1500 60 1 0
1500 61 1 0
1500 62 1 0
1500 63 1 0
1500 64 1 0
1500 65 1 0
200 88 27 59
200 89 27 59
200 90 27 59
200 91 27 59
200 92 27 59
200 93 27 59
200 94 27 59
200 95 27 59
200 96 27 59
200 97 27 59
200 98 27 59
200 99 27 59
210 0 23 59
210 1 23 59
210 10 24 64
210 11 28 64
210 12 25 63
210 13 23 59
210 14 23 59
210 15 23 59
210 16 23 59
210 17 23 59
210 18 23 59
210 19 23 59
210 2 23 59
210 20 23 59
210 21 23 59
210 22 23 59
190 9 15 54
210 24 23 59
190 8 18 47
190 7 14 55
210 9 23 59
210 33 13 57
210 34 24 59
210 135 17 58
210 36 17 58
210 37 17 58
210 38 17 41
210 39 12 57
210 40 12 57
210 41 12 57
210 42 12 57
210 43 12 57
210 44 21 57
210 45 21 57
210 46 20 57
210 47 20 61
210 48 13 61
210 49 14 56
210 50 14 55
210 51 14 55
210 52 14 54
220 0 18 52
220 1 25 49
220 100 28 56
220 101 28 56
220 102 28 56
220 103 28 56
220 104 28 56
220 105 28 56
220 106 28 56
220 107 28 56
220 108 28 56
220 109 28 56
220 11 32 52
220 110 28 56
220 111 28 56
220 112 28 56
1500 38 25 52
1500 39 25 52
1500 40 25 52
220 113 28 56
220 114 28 56
220 115 19 57
220 116 24 52
220 117 24 52
220 118 19 48
220 119 19 51
220 12 38 59
220 120 19 51
220 121 24 49
220 122 19 48
220 123 19 46
220 124 20 45
220 125 20 45
220 126 20 45
220 127 20 45
220 128 28 56
220 129 23 44
220 13 14 55
220 130 19 43
1500 41 17 54
1500 42 27 54
1500 43 21 54
1500 44 8 57
1500 45 36 58
1500 46 36 52
220 131 11 44
220 132 18 49
220 133 21 48
220 134 21 48
220 14 25 47
220 15 35 48
220 16 20 58
220 17 29 62
220 18 29 62
220 19 22 52
220 2 25 49
220 20 26 48
220 21 28 47
220 22 19 44
220 23 12 56
220 24 29 62
220 25 29 62
220 26 29 62
220 27 29 62
220 28 29 62
220 29 29 62
220 3 25 51
220 30 29 62
220 31 29 62
220 32 29 62
220 33 29 62
220 34 29 62
220 35 25 52
220 36 29 49
220 37 25 50
220 38 16 40
220 39 25 37
220 4 23 52
220 40 24 41
220 41 23 41
220 42 19 42
220 43 29 62
220 44 27 47
220 45 29 62
220 46 24 46
220 346 25 47
220 47 22 47
220 48 31 42
220 49 22 48
220 5 24 50
220 50 15 55
220 51 15 58
220 52 21 48
220 53 22 47
220 54 14 36
220 55 18 48
220 56 19 57
220 57 35 42
220 58 30 53
220 59 29 62
220 6 22 52
220 60 20 34
220 61 16 47
220 62 29 62
220 63 29 62
220 64 29 62
220 65 36 62
220 66 29 62
1500 47 29 64
1500 48 29 64
1500 49 29 45
1500 50 18 44
1500 51 18 36
1500 52 24 41
1500 53 22 36
1500 54 18 36
1500 55 26 55
1500 56 37 59
1500 57 29 50
1500 58 29 50
220 67 29 62
220 68 28 62
220 69 20 39
220 7 25 49
220 70 29 62
220 71 29 62
220 72 29 62
220 73 29 62
220 74 27 47
220 75 29 47
220 76 20 48
220 576 20 53
220 77 11 56
220 78 29 62
220 79 29 62
220 8 25 49
220 81 28 56
220 82 28 56
220 83 28 56
220 84 28 56
220 85 28 56
220 86 20 44
220 87 21 39
220 88 21 39
220 89 27 43
220 9 23 44
220 90 28 56
220 91 28 56
220 92 28 56
220 93 28 56
220 94 28 56
220 95 28 56
220 96 17 33
220 97 17 43
220 98 28 56
220 99 28 56
8651 0 31 31
8651 1 45 44
8651 2 53 53
8651 3 60 60
8651 4 66 66
8651 5 71 71
8651 6 75 75
8651 7 78 78
8651 8 81 81
8651 9 82 82
8651 10 83 83
8651 11 82 82
8651 12 80 81
8651 13 74 74
8651 14 75 75
8651 15 76 76
8651 16 77 77
8651 17 77 77
8651 18 77 77
8651 19 77 77
8120 0 140 40
8120 1 188 44
8120 2 239 54
8120 3 288 65
8120 4 296 68
8120 5 297 71
8120 6 297 73
8120 7 213 78
8120 8 213 79
8120 9 214 79
8120 10 214 79
8120 11 212 80
8120 12 201 77
8120 13 203 60
9060 1 91 101
9060 2 99 106
9060 3 101 93
9060 4 98 94
9060 5 97 95
9060 6 95 92
9060 7 69 91
7650 0 66 264
7650 2 66 264
7650 1 66 264
1110 9 18 18
1252 0 60 60
1210 0 41 62
1210 1 45 39
1210 2 52 43
1210 3 52 41
9059 0 258 212
8653 0 129 129
9054 0 259 259
9054 1 259 259
9054 2 259 259
9054 3 259 259
9054 4 259 259
9055 0 133 129
9055 1 134 135
9055 2 135 133
9055 3 133 124
9056 0 100 195
9056 1 97 198
9056 2 96 200
9056 3 89 196
200 57 16 44
200 60 16 44
200 61 16 44
200 64 16 44
200 65 16 61
210 30 20 61
210 32 16 61
3000 0 136 49
3000 9 187 87
3000 26 187 87
3000 9 187 87
3000 10 237 87
3000 11 214 135
3000 12 290 152
3000 13 311 169
3000 14 316 227
3000 15 344 295
3000 16 296 306
3000 1 137 66
3000 2 137 66
3000 3 137 73
3000 4 136 93
3000 5 137 95
3000 24 119 95
3000 6 137 99
3000 25 76 99
3000 7 137 96
3000 28 137 96
3000 8 137 92
3000 27 132 92
3000 17 237 87
3000 18 214 135
3000 19 290 152
3000 20 311 169
3000 21 316 227
3000 23 296 306
3000 22 344 295
3000 30 357 382
3000 31 332 311
3000 29 357 382
3000 48 357 382
3000 50 357 382
3000 51 357 382
3000 52 357 382
3000 53 357 382
3000 54 357 382
3000 40 357 382
3000 41 357 382
3000 42 357 382
3000 43 357 382
3000 44 357 382
3000 45 357 382
3000 46 357 382
3000 47 357 382
3000 49 357 382
3000 55 357 382
3000 56 357 382
3000 57 357 382
3000 58 357 382
3000 59 357 382
3000 60 357 382
3000 32 110 312
3000 33 357 382
3000 34 357 382
3000 35 357 382
3000 36 357 382
3000 37 357 382
3000 38 357 382
3000 39 357 382
10020 8 12 61
10020 9 9 61
10020 10 6 61
10020 11 8 60
10020 12 9 61
10020 13 6 61
10020 14 10 61
10020 15 13 61
11100 5 13 61
11100 6 13 62
11100 7 11 61
11100 8 12 61
11100 9 22 61
0 3 84 8
0 7 84 8
0 4 82 6
0 5 82 6
0 6 82 6
7024 1 396 275
7024 2 403 277
7024 3 422 257
7024 4 427 255
7024 5 380 256
7024 6 97 198
7038 11 212 81
7038 12 201 78
7038 13 203 61
7938 0 140 41
7938 1 188 45
7938 2 239 55
7938 3 288 66
7938 4 296 69
7938 5 297 72
7938 6 297 74
7938 7 213 79
7938 8 213 80
7938 9 214 80
7938 10 214 80
7938 11 212 81
7938 12 201 78
7938 13 203 61
501 0 506 563
501 1 506 563
501 2 506 563
501 3 506 563
501 4 506 563
7070 0 426 69
4001 55 2 0
4001 66 1 0
4001 67 13 10
4001 68 7 4
4001 69 5 6
4001 70 11 6
4001 71 8 5
4001 72 426 69
4001 73 426 69
4001 74 426 69
4001 75 426 69
4001 76 426 69
4001 77 3 6
4001 78 426 69
4001 79 426 69
4001 80 426 69
4001 81 426 69
4001 82 426 69
4001 83 426 69
4001 84 426 69
4001 85 426 69
4001 86 426 69
4001 87 426 69
4001 88 3 2
4001 89 426 69
4001 90 426 69
4001 91 6 2
4001 92 2 5
4001 93 1 2
4001 94 4 9
4001 95 426 69
4001 96 426 69
7070 1 417 43
7070 2 370 39
7070 3 397 42
7070 4 411 34
7070 5 278 28
7070 6 287 26
7081 0 419 321
7081 1 419 321
7081 2 419 321
7081 3 419 321
7081 4 419 321
7081 5 419 321
7081 6 419 321
7081 7 419 321
7081 8 419 321
7081 9 419 321
7081 10 419 321
7081 11 419 321
7081 12 419 321
7081 13 419 321
7081 14 419 321
7081 15 419 321
7081 16 419 321
7081 17 419 321
2409 0 116 145
2409 1 224 254
2409 2 297 333
2409 3 330 392
2409 4 350 406
2409 5 369 432
2409 6 376 434
2409 7 383 432
2409 8 410 440
2409 9 401 452
2410 0 146 165
1234 0 512 512
1234 1 512 512
1234 2 512 512
1234 3 512 512
1234 4 512 512
1234 5 512 512
1234 6 512 512
1234 7 512 512
1234 8 512 512
1234 9 512 512
1234 10 512 512
1234 11 512 512
1234 12 512 512
1234 13 512 512
1234 14 512 512
1234 15 512 512
1234 16 512 512
1234 17 512 512
1234 18 512 512
1234 19 512 512
1234 20 512 512
1234 21 512 512
1234 22 512 512
1234 23 512 512
1234 24 512 512
1234 25 512 512
1234 26 512 512
1234 27 512 512
1234 28 512 512
1234 29 512 512
1234 30 512 512
1234 31 512 512
1234 32 512 512
1234 33 512 512
1234 34 512 512
1234 35 512 512
1234 36 512 512
1234 37 512 512
1234 38 512 512
1234 39 512 512
1234 40 512 512
1234 41 512 512
1234 42 512 512
1234 43 512 512
1234 44 512 512
1234 45 512 512
1234 46 512 512
1234 47 512 512
1234 48 512 512
1234 49 512 512
1234 50 512 512
1234 51 512 512
1234 52 512 512
1234 53 512 512
1234 54 512 512
1234 55 512 512
1234 56 512 512
1234 57 512 512
1234 58 512 512
1234 59 512 512
1234 60 512 512
1234 61 512 512
1234 62 512 512
1234 63 512 512
2410 1 146 165
2410 2 146 165
2410 3 146 165
2410 4 146 165
2410 5 146 165
2410 6 146 165
2410 7 146 165
2410 8 146 165
8014 0 24 23
8014 1 37 33
8014 2 48 44
8014 3 60 52
8014 4 73 62
8014 5 85 72
8014 6 97 84
8014 7 109 92
8014 8 121 82
8014 9 133 89
8014 10 147 99
8014 11 161 105
8014 12 174 115
8014 13 184 83
8014 14 197 93
8013 0 176 218
8013 1 236 233
8013 2 245 196
8013 3 197 175
8013 4 83 155
8013 5 70 172
8013 6 21 170
8013 7 21 152
8020 0 146 136
8020 1 177 157
8020 2 204 176
8020 3 221 191
8020 4 235 202
8020 5 247 209
8020 6 259 212
8020 7 269 210
8020 8 270 187
8020 9 266 196
8020 10 274 217
8101 0 66 98
8101 1 66 98
8101 2 66 98
8101 3 66 98
8101 4 66 98
8003 0 53 42
8003 1 121 98
8003 2 169 120
8003 4 216 165
8003 5 232 169
8003 6 235 173
8003 7 233 178
8003 8 240 180
8003 9 240 170
8003 10 207 172
8003 11 192 145
8003 12 173 175
8003 13 157 146
8003 14 159 145
8004 1 37 267
8004 2 37 267
8004 3 37 267
8004 4 37 267
8005 0 215 212
8005 1 228 227
8005 2 198 215
8005 3 172 169
8005 4 168 159
8005 5 158 147
8005 6 155 142
8005 7 141 127
8011 0 500 505
8011 1 500 505
8011 2 500 505
8011 3 500 505
8011 4 500 505
8011 5 500 505
8011 6 500 505
8011 7 500 505
8011 8 500 505
8015 0 225 225
6450 0 18 24
6450 1 25 36
6450 2 13 20
6450 3 14 16
7036 10 248 113
7809 0 99 24
7809 1 171 64
7809 2 186 66
7809 3 245 68
7809 4 286 72
7809 5 314 81
7809 6 334 86
7809 7 326 91
7809 8 338 95
7809 9 350 99
7809 10 374 102
7809 11 387 104
7809 12 400 103
7809 13 405 104
7809 14 410 106
7809 15 426 106
7809 16 434 105
7809 17 446 96
7809 18 461 95
7809 19 472 96
7809 20 481 97
7809 21 494 97
7809 22 502 95
7809 23 514 95
7809 24 519 95
7809 25 527 93
7809 26 534 92
7809 27 534 91
7809 28 534 93
7809 29 534 94
7809 30 528 95
7809 31 521 95
7809 32 525 96
7809 33 530 92
7809 34 534 82
7809 35 534 81
7809 36 534 81
7809 37 530 81
7809 38 530 80
7809 39 362 79
7809 40 362 79
7809 41 357 78
7809 42 357 78
7809 43 357 77
7809 44 356 77
7809 45 230 74
7809 46 230 74
0 0 34 95
0 1 34 95
0 2 28 97
0 8 34 95
0 9 34 95
0 10 34 95
7082 0 431 269
7082 1 424 299
7082 2 405 277
7082 3 438 245
7082 4 461 246
7082 5 478 246
7082 6 489 250
7082 7 490 277
30207 0 65528 165
30207 1 0 162
30207 2 0 165
30207 3 65533 166
30207 4 65528 161
30207 5 1 152
30207 6 65534 160
30207 7 0 160
30207 8 65533 164
30300 0 66 74
30300 1 108 111
30300 2 153 140
30300 3 172 154
30300 4 185 163
30300 5 193 174
30300 6 197 181
30300 7 200 185
9996 14 228 468
9996 15 228 460
9996 16 228 460
9996 17 226 439
9996 18 218 443
9996 19 208 430
9996 20 204 445
9996 21 200 455
9996 22 197 452
9996 23 198 445
9996 24 200 447
9996 25 203 481
9996 26 209 486
9996 27 207 477
9996 28 215 474
9996 29 221 474
9996 30 225 473
9996 31 232 468
9996 32 245 461
9996 33 255 446
9996 34 256 446
9996 35 256 433
9996 36 254 416
9996 37 256 418
9996 38 256 429
9996 39 250 439
9996 40 245 454
9996 41 239 452
9996 42 236 462
9996 43 230 467
9996 53 251 459
9996 54 236 410
9996 55 234 426
9996 56 233 429
9996 57 228 411
9996 58 231 397
9996 59 228 406
9996 60 231 414
9996 61 221 416
9996 62 223 382
9996 63 221 378
9996 64 218 402
9996 65 219 411
9996 66 216 414
9996 67 218 403
2983 1 256 256
2983 10 256 256
2983 11 256 256
2983 12 256 256
2983 13 256 256
2983 14 256 256
2983 15 256 256
2983 16 256 256
2983 17 256 256
2983 18 256 256
2983 19 256 256
2983 2 256 256
2983 20 256 256
2983 21 256 256
2983 22 256 256
2983 23 256 256
2983 24 256 256
2983 25 256 256
2983 26 256 256
2983 27 256 256
2983 28 256 256
2983 29 256 256
2983 3 256 256
2983 30 256 256
2983 31 256 256
2983 32 256 256
2983 33 256 256
2983 34 256 256
2983 35 256 256
2983 36 256 256
2983 37 256 256
2983 38 256 256
2983 39 256 256
2983 4 256 256
2983 40 256 256
2983 41 256 256
2983 42 256 256
2983 43 256 256
2983 44 256 256
2983 45 256 256
2983 46 256 256
2983 47 256 256
2983 48 256 256
2983 49 256 256
2983 5 256 256
2983 50 256 256
2983 51 256 256
2983 52 256 256
2983 53 256 256
2983 6 256 256
2983 7 256 256
2983 8 256 256
2983 9 256 256
30501 0 89 182
30501 1 93 190
30501 2 77 196
30501 3 83 200
30501 4 87 186
30501 5 95 182
30501 6 98 186
30501 7 100 174
30501 8 103 170
30501 9 85 176
5246 0 121 180
5246 1 246 261
5246 2 247 302
5246 3 248 318
5246 4 249 324
5246 5 250 326
5246 6 251 325
5246 7 252 205
5246 8 253 203
5246 9 253 204
5246 10 254 116
5246 11 255 116
5246 12 252 116
5246 13 233 116
5253 0 121 7
5253 1 126 13
5253 2 168 26
5253 3 174 44
5253 4 185 56
5253 5 191 62
5253 6 201 74
5253 7 214 87
5253 8 232 102
5253 9 250 97
5253 10 250 98
5253 11 211 57
5240 0 133 126
5240 1 134 135
5240 2 135 133
5240 3 133 124
0 14 67 132
0 15 67 129
268 6 37 83
0 16 67 129
0 17 67 130
0 18 40 40
268 8 15 41
0 19 42 41
0 20 40 40
0 21 40 40
0 22 40 40
0 23 40 40
0 24 40 40
8050 0 222 223
8050 1 211 203
8050 2 201 192
8050 3 193 182
8050 4 184 169
8050 5 181 164
8050 6 174 154
8050 7 164 149
8050 8 154 149
8050 9 133 149
8050 10 121 151
8050 11 135 151
8050 12 93 95
8050 13 93 96
8050 14 93 97
8001 9 320 240
8001 10 320 240
8001 11 320 240
8001 12 320 240
8001 13 320 240
8001 14 320 240
8001 15 320 240
8001 16 320 240
8001 17 320 240
8001 18 320 240
8001 19 320 240
8001 20 320 240
8001 21 320 240
8001 22 320 240
8001 23 320 240
8001 24 320 240
8001 25 320 240
8001 26 320 240
8001 27 320 240
8001 28 320 240
8001 29 320 240
8001 30 320 240
8001 31 320 240
8002 11 244 156
8002 12 243 153
8002 13 238 147
8002 14 208 140
8002 15 179 138
8002 16 148 113
8002 17 117 93
8002 18 90 91
8002 19 82 85
8002 20 70 74
8002 21 60 66
1502 0 123 117
1502 1 138 138
1502 2 164 162
1502 3 188 193
1502 4 222 219
1502 5 242 235
1502 6 257 247
1502 7 264 255
1502 8 265 263
1502 9 267 260
1502 10 59 127
1101 0 140 96
1101 1 141 97
1101 2 149 106
1101 3 158 116
1101 4 169 126
1101 5 180 133
1101 6 187 143
1101 7 189 151
1101 27 195 162
1101 28 205 161
1101 29 218 172
1101 24 223 177
1101 25 218 177
1101 26 201 177
1113 0 66 33
1113 1 72 45
1113 2 96 64
1113 3 95 69
1113 4 93 70
1113 5 91 73
1113 6 89 72
1113 7 88 73
1113 8 85 69
1113 9 83 71
1113 10 82 73
1113 11 79 74
1113 12 76 76
1113 13 71 67
1113 14 69 68
1113 15 55 61
1113 16 53 61
1113 17 53 51
1113 18 45 49
1113 19 38 39
1113 20 36 27
8220 0 397 293
8220 1 397 293
8220 2 397 293
8220 3 397 293
8220 4 397 293
8220 5 397 293
8220 6 397 293
8220 7 397 293
8220 8 397 293
8220 9 397 293
8220 10 397 293
8220 11 397 293
8220 12 397 293
8220 13 397 293
8220 14 397 293
8220 15 397 293
8220 16 397 293
8220 17 397 293
8220 18 397 293
8220 19 397 293
8220 20 397 293
8220 21 397 293
8220 22 397 293
8220 23 397 293
8220 24 397 293
8220 25 397 293
8220 26 397 293
8220 27 397 293
8220 28 397 293
8220 29 397 293
8220 30 397 293
8220 31 397 293
8220 32 397 293
8220 33 397 293
8220 34 397 293
8220 35 397 293
8220 36 397 293
8220 37 397 293
8220 38 397 293
8220 39 397 293
8220 40 397 293
8220 41 397 293
8220 42 397 293
8220 43 397 293
8220 44 397 293
8220 45 397 293
8220 46 397 293
8220 47 397 293
8220 48 397 293
7050 6 357 396
7050 7 378 408
7050 8 384 417
7050 9 396 425
7050 10 402 383
7050 11 420 405
7050 12 421 420
7050 13 427 421
7050 14 436 395
7050 15 443 400
7050 16 446 388
7050 17 446 399
7050 18 452 411
7050 19 460 420
7050 20 461 407
7050 21 463 417
7050 22 464 425
7050 23 465 407
7050 24 466 418
7050 25 466 429
7050 26 463 438
7050 27 450 414
7050 28 452 411
7050 29 452 408
7050 30 450 407
7050 31 453 409
7050 32 438 408
7050 33 396 403
7050 34 397 408
7050 35 398 407
7050 36 396 407
7050 37 376 405
7050 38 331 402
7050 39 331 370
9898 13 60 74
9898 14 61 106
9898 15 50 125
9898 16 56 137
9898 17 54 143
9898 18 60 143
9898 19 61 146
9898 20 60 146
9898 21 61 142
9898 22 62 141
9898 23 56 134
9898 24 55 133
534 0 131 43
534 1 131 43
534 2 131 43
534 3 131 43
534 4 131 43
534 5 131 43
534 6 131 43
534 7 131 43
534 8 131 43
534 9 131 43
534 10 131 43
534 11 131 43
534 12 131 43
534 13 131 43
534 14 131 43
700 0 167 78
700 1 167 78
700 2 167 78
700 3 167 78
700 4 167 78
700 5 167 78
544 0 182 167
544 1 182 167
544 2 182 167
544 3 182 167
544 4 182 167
544 5 182 167
544 6 182 167
544 7 182 167
544 8 182 167
544 9 182 167
544 10 182 167
544 11 182 167
542 0 118 196
542 1 118 196
542 2 118 196
542 3 118 196
542 4 118 196
542 5 118 196
542 6 118 196
542 7 118 196
542 8 118 196
542 9 118 196
542 10 118 196
542 11 118 196
542 12 118 196
542 13 118 196
542 14 118 196
543 0 118 185
543 1 118 185
543 2 118 185
543 3 118 185
543 4 118 185
543 5 118 185
543 6 118 185
543 7 118 185
543 8 118 185
543 9 118 185
543 10 118 185
543 11 118 185
543 12 118 185
543 13 118 185
543 14 118 185
710 10 290 131
710 11 290 131
710 12 290 131
710 13 290 131
710 14 290 131
710 15 290 131
710 16 290 131
710 17 288 133
710 18 292 133
710 19 290 129
532 0 109 170
532 1 109 170
532 2 109 170
532 3 109 170
532 4 109 170
532 5 109 170
532 6 109 170
532 7 109 170
532 8 109 170
532 9 109 170
532 10 109 170
532 11 109 170
532 12 109 170
532 13 109 170
710 0 290 131
710 1 290 131
1005 0 72 60
1005 1 82 83
1005 2 86 87
1005 3 95 87
1005 4 120 102
1005 5 120 118
1005 6 120 121
1005 7 120 122
1005 8 122 123
1005 9 127 123
1005 10 134 123
1005 11 134 123
1005 12 129 123
504 0 300 320
504 1 300 320
504 2 300 320
504 3 300 320
769 0 472 279
769 1 472 279
769 2 472 279
769 3 472 279
769 4 472 279
769 5 472 279
769 6 472 279
769 7 472 279
769 8 472 279
769 9 472 279
769 10 472 279
769 11 472 279
769 12 472 279
769 13 472 279
769 14 472 279
769 15 472 279
769 16 472 279
769 17 472 279
769 18 472 279
769 19 472 279
769 20 472 279
769 21 472 279
769 22 472 279
769 23 472 279
769 24 472 279
769 25 472 279
769 26 472 279
769 27 472 279
769 28 472 279
769 29 472 279
769 30 472 279
769 31 472 279
769 32 472 279
769 33 472 279
769 34 472 279
769 35 472 279
769 36 472 279
769 37 472 279
769 38 472 279
769 39 472 279
521 0 270 73
521 1 270 73
521 2 270 73
521 3 270 73
521 4 270 73
521 5 270 73
521 6 270 73
521 7 270 73
521 8 270 73
521 9 270 73
521 10 270 73
515 0 150 124
515 1 150 124
515 2 150 124
515 3 150 124
515 4 150 124
515 5 150 124
515 6 150 124
515 7 150 124
515 8 150 124
1504 0 111 60
1504 1 111 60
1504 2 111 60
1504 3 111 60
1504 4 111 60
1504 5 111 60
1504 6 111 60
1504 7 111 60
1504 8 111 60
1504 9 111 60
1504 10 111 60
1504 11 111 60
1504 12 111 60
1504 13 111 60
1504 14 111 60
1504 15 111 60
1504 16 111 60
1504 17 111 60
1504 18 111 60
1504 19 111 60
7507 0 99 49
7507 1 97 46
7507 2 107 92
7507 3 138 95
7507 4 167 99
7507 5 169 101
7507 6 189 102
7507 7 188 96
7507 8 195 93
7507 9 205 65
7507 10 212 58
7507 11 203 53
7507 12 168 52
7507 13 146 50
6265 0 512 257
6265 1 512 257
6265 2 512 257
6265 3 512 257
6265 4 512 257
6265 5 512 257
6265 6 512 257
6265 7 512 257
6265 8 512 257
6265 9 512 257
6265 10 512 257
6265 11 512 257
6265 12 512 257
6265 13 512 257
6265 14 512 257
6265 15 512 257
6265 16 512 257
6265 17 512 257
6265 18 512 257
6265 19 512 257
6265 20 512 257
6265 21 512 257
6265 22 512 257
6265 23 512 257
6265 24 512 257
6265 25 512 257
6265 26 512 257
6265 27 512 257
6265 28 512 257
6265 29 512 257
6265 30 512 257
6265 31 512 257
6265 32 512 257
6265 33 512 257
6265 34 512 257
6266 0 53 56
6266 1 53 56
6266 2 53 56
6266 3 53 56
6266 4 53 56
6266 5 53 56
6266 6 53 56
6266 7 53 56
6266 8 53 56
6266 9 53 56
6266 10 53 56
6266 11 53 56
6266 12 53 56
6266 13 53 56
6266 14 53 56
6266 15 53 56
6266 16 53 56
6266 17 53 56
6266 18 53 56
6266 19 53 56
6266 20 53 56
6266 21 53 56
6266 22 53 56
6266 23 53 56
6266 24 53 56
6266 25 53 56
6266 26 53 56
6266 27 53 56
6266 28 53 56
6266 29 53 56
6266 30 53 56
6266 31 53 56
6266 32 53 56
6266 33 53 56
6266 34 53 56
6266 35 53 56
6266 36 53 56
6266 37 53 56
6266 38 53 56
6266 39 53 56
6266 40 53 56
6266 41 53 56
6266 42 53 56
6266 43 53 56
6266 44 53 56
6266 45 53 56
6266 46 53 56
6266 47 53 56
6266 48 53 56
6266 49 53 56
6266 50 53 56
6266 51 53 56
6266 52 53 56
6266 53 53 56
6266 54 53 56
6266 55 53 56
6266 56 53 56
6266 57 53 56
6266 58 53 56
6266 59 53 56
6266 60 53 56
6266 61 53 56
6266 62 53 56
6266 63 53 56
6266 64 53 56
6266 65 53 56
6404 0 65535 275
6404 1 54 260
6404 2 142 195
6404 3 49 188
7043 5 202 343
7043 6 202 343
7043 7 202 343
7043 8 202 343
7043 9 202 343
7043 10 202 343
7043 11 202 343
7043 12 202 343
7043 13 202 343
7043 14 202 343
7043 15 202 343
7043 16 202 343
7043 17 202 343
505 10 19 65532
505 11 33 23
505 12 30 34
505 13 21 33
505 14 10 32
505 15 65527 28
7506 0 172 61
7506 1 328 173
7506 2 351 152
7506 3 353 145
7506 4 353 133
7506 5 352 123
7506 6 351 126
7506 7 349 124
7506 8 341 119
7506 9 332 126
7506 10 324 132
7506 11 305 137
7506 12 243 139
7506 13 246 136
828 0 329 317
828 1 329 317
828 2 329 317
828 3 329 317
828 4 329 317
828 5 329 317
828 6 329 317
828 7 329 317
828 8 325 317
828 9 322 317
828 10 321 317
828 11 321 317
828 12 321 317
7505 0 110 17
7505 1 123 20
7505 2 148 39
7505 3 184 66
7505 4 211 87
7505 5 227 102
7505 6 248 114
7505 7 258 123
7505 8 259 131
7505 9 271 134
7027 5 68 109
7027 6 65 105
7027 7 64 99
7027 8 50 78
7084 0 54 20
7084 1 70 48
7084 2 75 55
7084 3 77 59
7084 4 79 62
7084 5 80 57
7084 6 81 65
7084 7 81 17
7084 8 82 17
7084 9 78 17
7084 10 80 16
7084 11 80 14
7084 12 80 7
7084 13 79 4
7084 14 5 65535
7085 0 40 53
7085 1 47 66
7085 2 51 76
7085 3 53 81
7085 4 54 84
7085 5 55 83
7085 6 56 85
7085 7 58 85
7085 8 57 84
7085 9 65 79
7085 10 57 80
7085 11 15 80
7085 12 14 79
7085 13 2 69
7085 14 1 58
7085 15 7 59
700 10 39 7
1239 0 83 32
1239 1 87 27
1239 2 70 30
1239 3 73 34
1239 4 86 33
1239 5 82 33
1239 6 88 32
1239 7 63 31
1239 8 72 34
1239 9 84 31
1082 0 96 125
1082 1 106 166
1082 2 118 208
1082 3 128 252
1082 4 139 294
1082 5 158 336
1082 6 176 378
1082 7 174 378
1082 8 172 380
1082 9 174 383
1082 10 169 385
1082 11 170 364
1082 12 172 369
1082 13 174 374
1082 14 175 367
1082 15 177 372
1082 16 174 375
1082 17 184 379
1082 18 189 369
1082 19 192 365
1082 20 195 336
1082 21 190 315
1082 22 152 317
1082 23 152 318
1082 24 152 318
1082 25 153 318
1082 26 153 318
1082 27 153 319
1082 28 153 319
1082 29 153 319
1082 30 153 319
1082 31 153 320
1082 32 152 320
1082 33 153 320
1082 34 153 320
1082 35 153 321
1082 36 153 321
1082 37 153 321
1082 38 154 307
1082 39 154 307
1082 40 155 304
1082 41 155 303
1082 42 155 304
1082 43 155 304
1082 44 156 305
1082 45 156 305
1082 46 156 305
1082 47 156 305
1082 48 157 306
1082 49 156 305
1082 50 142 275
1082 51 133 257
7032 200 81 22
7032 201 82 24
7032 202 95 25
7032 203 85 27
7032 204 86 29
7032 205 89 31
7032 206 91 32
7032 207 90 32
7013 20 129 129
7013 21 129 129
7013 22 129 129
7013 23 129 129
7013 24 129 129
7013 25 129 129
7013 26 129 129
7013 27 128 128
7013 28 128 128
7013 29 128 128
7013 30 128 128
7013 31 128 128
7013 32 128 128
7013 33 128 128
7020 11 24 170
7020 12 24 184
7020 13 36 289
7020 14 38 285
7020 15 37 258
7020 16 35 270
7020 17 21 260
7020 18 19 257
541 0 208 140
541 11 208 140
541 12 208 140
541 13 208 140
541 14 208 140
541 15 208 140
541 8 208 140
541 4 208 140
541 1 208 140
541 3 208 140
541 6 208 140
541 5 208 140
541 9 208 140
541 2 208 140
541 7 208 140
541 10 208 140
6789 1 683 512
6789 10 683 512
6789 11 683 512
6789 12 683 512
6789 13 683 512
6789 14 683 512
6789 15 683 512
6789 16 683 512
6789 0 683 512
6789 17 683 512
6789 18 683 512
6789 19 683 512
6789 20 683 512
6789 21 683 512
6789 22 683 512
6789 23 683 512
6789 24 683 512
6789 25 683 512
6789 26 683 512
6789 27 683 512
6789 28 683 512
6789 29 683 512
6789 30 683 512
6789 31 683 512
6789 32 683 512
6789 33 683 512
6789 2 683 512
6789 3 683 512
6789 4 683 512
6789 5 683 512
6789 6 683 512
6789 7 683 512
6789 8 683 512
6789 9 683 512
6779 1 683 512
6779 50 683 512
6779 150 683 512
6779 101 683 512
6779 201 683 512
6779 250 683 512
6779 10 683 512
6779 110 683 512
660 0 683 512
660 0 683 512
6779 210 683 512
6779 11 683 512
6779 111 683 512
6779 211 683 512
6779 12 683 512
6779 112 683 512
6779 212 683 512
6779 13 683 512
6779 113 683 512
6779 213 683 512
6779 14 683 512
6779 114 683 512
6779 214 683 512
6779 15 683 512
6779 115 683 512
6779 215 683 512
6779 16 683 512
6779 116 683 512
6779 216 683 512
6779 17 683 512
6779 117 683 512
6779 217 683 512
6779 18 683 512
6779 118 683 512
6779 218 683 512
6779 19 683 512
6779 119 683 512
6779 219 683 512
6779 2 683 512
6779 51 683 512
6779 102 683 512
6779 151 683 512
6779 202 683 512
6779 251 683 512
6779 20 683 512
6779 120 683 512
6779 220 683 512
6779 21 683 512
6779 121 683 512
6779 221 683 512
6779 22 683 512
6779 122 683 512
6779 222 683 512
6779 23 683 512
6779 123 683 512
6779 223 683 512
6779 24 683 512
6779 124 683 512
6779 224 683 512
6779 25 683 512
6779 125 683 512
6779 225 683 512
6779 26 683 512
6779 126 683 512
6779 226 683 512
6779 27 683 512
6779 127 683 512
6779 227 683 512
6779 28 683 512
6779 128 683 512
6779 228 683 512
6779 29 683 512
6779 129 683 512
6779 229 683 512
6779 3 683 512
6779 103 683 512
6779 203 683 512
6779 30 683 512
6779 130 683 512
6779 230 683 512
6779 31 683 512
6779 131 683 512
6779 231 683 512
6779 32 683 512
6779 132 683 512
6779 232 683 512
6779 33 683 512
6779 133 683 512
6779 233 683 512
6779 34 683 512
6779 134 683 512
6779 234 683 512
6779 35 683 512
6779 135 683 512
6779 235 683 512
6779 36 683 512
6779 136 683 512
6779 236 683 512
6779 37 683 512
6779 137 683 512
6779 237 683 512
6779 38 683 512
6779 138 683 512
6779 238 683 512
6779 39 683 512
6779 139 683 512
6779 239 683 512
6779 4 683 512
6779 104 683 512
6779 204 683 512
6779 40 683 512
6779 140 683 512
6779 240 683 512
6779 41 683 512
6779 141 683 512
6779 241 683 512
6779 42 683 512
6779 142 683 512
6779 242 683 512
6779 43 683 512
6779 143 683 512
6779 243 683 512
6779 44 683 512
6779 144 683 512
6779 244 683 512
6779 45 683 512
6779 145 683 512
6779 245 683 512
6779 46 683 512
6779 146 683 512
6779 246 683 512
6779 47 683 512
6779 147 683 512
6779 247 683 512
6779 48 683 512
6779 148 683 512
6779 248 683 512
6779 49 682 512
6779 149 682 512
6779 249 682 512
6779 5 683 512
6779 105 683 512
6779 205 683 512
6779 6 683 512
6779 106 683 512
6779 206 683 512
6779 7 683 512
6779 107 683 512
6779 207 683 512
6779 8 683 512
6779 108 683 512
6779 208 683 512
6779 9 683 512
6779 109 683 512
6779 209 683 512
2345 60 51 46
801 1 683 512
670 1 683 512
670 10 683 512
670 2 683 512
670 3 683 512
670 4 683 512
670 5 683 512
670 6 683 512
670 7 683 512
670 8 683 512
670 9 683 512
801 10 683 512
801 11 683 512
801 12 683 512
801 13 683 512
801 14 683 512
801 15 683 512
801 16 683 512
801 17 683 512
801 2 683 512
801 3 683 512
801 4 683 512
801 5 683 512
801 6 683 512
801 7 683 512
801 8 683 512
801 9 683 512
730 0 683 512
830 0 683 512
830 2 683 512
811 1 683 512
811 10 683 512
811 11 683 512
811 2 683 512
811 3 683 512
811 4 683 512
811 5 683 512
811 6 683 512
811 7 683 512
811 8 683 512
811 9 683 512
800 1 683 512
800 10 683 512
800 11 683 512
800 12 683 512
800 13 683 512
800 14 683 512
800 15 683 512
800 16 683 512
800 17 683 512
800 18 683 512
800 19 683 512
800 2 683 512
800 20 683 512
800 21 683 512
800 22 683 512
803 1 683 512
803 10 683 512
803 11 683 512
803 12 683 512
803 13 683 512
803 14 683 512
803 15 683 512
20015 13 93 159
803 16 683 512
803 17 683 512
803 18 683 512
803 2 683 512
803 3 683 512
803 4 683 512
803 5 683 512
803 6 683 512
803 7 683 512
803 8 683 512
803 9 683 512
800 3 683 512
800 4 683 512
800 5 683 512
800 6 683 512
800 7 683 512
800 8 683 512
800 9 683 512
830 3 683 512
830 4 683 512
830 1 683 512
20000 0 21 80
20301 0 83 158
20301 1 83 159
20301 2 83 158
20301 3 83 157
20301 4 83 158
20301 5 83 158
20301 6 83 159
20301 7 21 78
20700 0 74 180
20700 1 74 180
20700 2 74 180
20700 3 74 180
20000 1 21 79
20000 2 21 78
20000 3 21 78
20010 0 20 75
20010 10 20 75
20010 2 87 157
20010 1 23 56
20010 3 96 158
20020 0 19 79
20020 7 83 158
20020 8 83 158
20020 9 83 157
20020 10 83 156
20020 11 83 156
20300 162 63 101
20300 193 61 100
20300 194 62 100
20300 163 63 100
20300 164 61 100
20300 165 67 100
20300 166 63 102
20300 167 62 102
20300 200 68 99
20300 201 66 99
20300 202 62 98
20300 168 63 102
20300 169 65 100
20300 170 65 100
20300 171 64 100
20300 172 59 100
20300 173 63 104
20300 174 69 100
20300 175 69 100
20300 176 69 100
20300 177 66 100
20300 178 67 100
20300 179 70 100
20300 180 64 98
20300 181 68 100
20300 182 68 99
20300 183 60 102
20300 184 63 102
20300 185 65 98
20300 186 70 99
20300 187 82 90
20300 188 48 99
20300 189 70 95
20300 190 62 62
20300 191 63 97
20300 192 63 104
20020 12 83 157
20020 13 83 158
20020 1 19 80
20020 2 19 79
20020 3 19 78
20020 4 19 79
20020 5 19 80
20020 6 19 80
20040 0 19 89
20040 4 83 159
20040 1 19 89
20040 2 25 82
20040 5 86 159
20040 3 25 82
20100 0 35 61
20100 1 35 80
20300 126 81 171
20300 127 80 157
20300 128 80 157
20300 129 80 157
20300 130 80 157
20300 131 80 157
20300 132 78 158
20110 0 35 61
20009 3 32 80
20009 1 21 79
20006 2 21 78
20120 0 19 79
20120 3 87 157
20120 1 19 79
20120 2 16 89
20120 4 83 162
10009 43 32 80
20001 0 32 79
20300 0 91 140
20300 1 92 140
20300 2 95 140
20300 3 92 141
20300 4 73 138
20300 5 71 140
20300 148 93 143
20300 147 93 143
20300 6 75 142
20300 7 75 140
20300 8 73 139
20300 9 50 140
20300 10 51 139
20300 11 53 139
20300 12 70 137
20300 143 91 141
20300 144 91 141
20300 145 91 141
20300 146 91 141
20300 13 74 138
20300 37 103 204
20300 38 103 204
20300 39 103 204
20300 68 103 204
20300 78 88 157
20300 69 103 204
20300 70 103 204
20300 71 103 204
20300 73 19 74
20300 74 105 203
20300 72 103 204
20300 14 73 139
20300 15 73 139
20300 40 102 200
20300 135 66 158
20300 137 85 156
20300 138 85 156
20300 139 85 156
20300 140 85 156
20300 141 85 156
20300 142 85 156
20300 136 66 158
20300 41 102 200
20300 42 102 200
20300 43 102 200
20300 44 102 200
20300 45 102 200
20300 46 102 200
20300 47 99 200
20300 48 97 197
20300 49 99 200
20300 50 98 200
20300 51 100 200
20300 104 83 156
20300 105 83 156
20300 106 84 156
20300 107 84 156
20300 111 78 165
20300 112 78 165
20300 108 84 156
20300 109 84 156
20300 110 84 156
20300 52 100 200
20300 75 79 154
20300 76 75 153
20300 77 77 149
20300 53 100 200
20300 54 102 200
20300 55 118 204
20300 56 118 204
20300 57 97 201
20300 58 101 201
20300 59 118 204
20300 60 118 204
20300 61 118 204
20300 62 118 204
20300 63 118 204
20300 64 118 204
20300 65 118 204
20300 66 116 200
20300 67 118 204
20300 16 81 143
20300 17 93 124
20300 18 90 114
20300 25 107 202
20300 19 86 125
20300 20 86 125
20300 21 88 141
20300 22 87 142
20300 30 87 135
20300 31 84 130
20300 32 92 144
20300 33 73 127
20300 23 89 143
20300 24 92 143
20001 1 32 79
20001 2 78 158
20015 0 21 68
20015 1 21 79
20015 2 22 80
20015 3 25 79
20015 4 29 81
20015 5 29 81
20300 79 93 159
20300 80 93 159
20300 81 93 159
20300 82 93 159
20300 83 93 159
20300 84 93 159
20300 85 93 159
20300 86 81 150
20300 118 84 156
20300 119 81 150
20300 87 81 151
20300 88 81 151
20300 89 81 151
20300 115 83 158
20300 215 83 117
20300 161 13 4
20300 116 83 158
20300 133 78 158
20300 134 78 158
20300 90 81 150
20300 91 81 150
20300 92 81 150
20300 93 81 150
20300 99 81 150
20300 100 83 129
20300 101 87 129
20300 102 87 129
20300 103 87 129
20300 94 57 151
20300 95 57 151
20300 96 57 151
20300 97 57 151
20300 98 57 151
20015 6 29 81
20015 7 86 160
20015 8 82 161
20015 26 82 161
20300 113 81 157
20300 117 81 157
20300 114 81 157
20013 3 19 73
20013 12 23 68
30009 47 120 187
30009 48 120 189
300 10 54 20
20310 0 86 156
20310 1 86 156
20310 2 86 156
20310 3 86 156
20310 4 86 156
20310 5 86 156
20310 6 86 156
300 11 54 22
300 12 54 21
300 13 54 21
20300 26 115 203
20300 27 116 203
20300 28 116 203
20300 29 116 203
20300 34 116 203
20300 149 64 102
20300 150 61 103
20300 151 61 103
20300 154 36 77
20300 152 38 61
20300 153 38 61
20300 35 116 203
20015 9 88 159
20015 10 88 159
20015 11 87 160
20015 14 82 163
20015 15 82 163
20015 16 82 163
20015 12 88 159
20300 36 116 203
20011 0 27 68
20011 1 26 69
20011 6 36 63
20002 10 34 67
20013 5 23 68
20013 0 79 135
20200 0 94 156
20200 1 94 156
20200 2 94 156
20300 120 86 157
20300 121 85 158
20300 122 88 159
20300 123 80 164
20300 124 80 164
20300 125 80 164
20200 9 94 156
20200 10 94 156
20200 20 91 156
20200 3 94 156
20200 11 94 156
3500 89 94 156
3500 90 94 156
3500 91 94 156
20200 14 94 156
3500 88 94 156
20200 12 94 156
20200 13 94 156
20300 155 21 81
20200 4 94 156
20200 15 94 156
20200 16 94 156
20200 17 94 156
20300 195 66 100
20300 196 68 100
20200 18 94 156
20200 5 94 156
20200 19 90 158
3500 92 90 158
20200 6 94 156
20200 7 94 156
20200 8 94 156
833 5 158 73
833 6 501 81
833 7 504 81
833 8 491 72
833 9 488 66
833 10 88 49
30009 19 114 170
30009 21 114 170
30009 25 127 105
30009 30 128 105
30009 32 107 154
30009 0 26 79
30009 11 107 154
20300 156 62 100
20300 157 65 100
20300 158 57 100
20300 197 57 100
20300 159 22 79
20300 160 22 78
7003 5 110 114
7003 6 110 114
7003 7 110 114
7003 8 110 114
7003 9 110 114
7003 10 110 114
7003 11 110 114
7003 12 110 114
7003 13 110 114
7003 14 110 114
7003 15 110 114
7003 16 110 114
7003 17 110 114
7003 18 110 114
7003 19 110 114
7003 20 110 114
1119 0 196 38
1119 1 196 42
1119 2 196 44
7648 0 18 172
7648 1 18 172
7648 2 18 172
7648 3 18 172
7648 4 18 172
7648 5 18 172
7648 6 18 172
7648 7 18 172
7648 8 18 172
7075 3 272 313
7075 5 278 441
7075 7 272 443
7075 9 229 468
7075 10 278 469
7075 11 279 469
7075 12 281 469
7075 13 280 469
7075 14 278 469
7075 16 281 469
7075 17 280 469
7075 18 278 469
7075 19 279 469
7075 20 281 469
7075 21 280 469
7075 22 278 469
7075 23 279 469
7075 24 281 469
7075 15 279 469
1061 0 342 56
1061 1 337 72
1061 2 333 88
1061 3 336 83
1061 4 334 68
1061 5 335 66
1061 6 331 75
1061 7 330 75
1061 8 330 89
1061 9 331 124
1061 10 329 206
1061 11 323 271
1061 12 323 271
1061 13 317 347
1061 14 305 358
1061 15 288 374
1061 16 274 393
1061 17 242 399
1061 18 210 400
1061 19 204 400
1061 20 65518 399
1061 21 65493 400
1061 22 65458 394
1061 23 65447 388
1061 24 65368 388
21 0 24 61
21 1 24 61
21 2 24 61
21 3 24 61
21 4 24 61
21 5 24 61
21 6 24 61
21 7 24 61
21 8 24 61
21 9 24 61
21 10 23 61
21 11 24 61
21 12 24 61
21 13 23 61
21 14 24 61
21 15 23 61
21 16 23 61
21 17 23 61
21 18 23 61
21 19 23 61
21 20 24 61
21 21 24 61
21 22 23 61
21 23 25 61
30024 0 299 57
30024 1 298 40
30024 2 297 24
30024 3 297 24
30024 4 295 24
30024 5 294 24
30024 6 295 24
30024 7 292 23
30024 8 284 23
30024 9 277 22
30024 10 265 20
30024 11 263 8
30024 12 244 0
30024 13 254 0
30024 14 252 0
30024 15 233 65535
30024 16 221 65534
30024 17 184 65533
1540 20 114 113
1540 21 107 101
1540 22 111 107
1540 23 115 115
1540 0 47 86
1540 1 56 100
1540 2 89 136
1540 3 114 153
1540 4 121 158
1540 5 122 139
1540 6 132 135
1540 7 115 153
30315 0 225 225
20017 1 21 80
20017 2 21 80
20017 12 82 156
20300 203 51 97
3500 105 82 156
20017 0 82 156
3500 93 82 156
3500 94 21 80
3500 95 21 80
3500 96 21 80
3500 97 22 81
3500 98 82 156
3500 99 19 89
3500 100 19 89
3500 101 19 89
3500 102 15 89
3500 103 16 89
3500 104 19 89
20017 5 82 156
20017 13 88 156
3500 106 88 156
3500 107 88 156
3500 108 88 156
3500 109 88 156
3500 110 88 156
3500 111 88 156
3500 112 88 156
20017 14 88 156
20017 15 88 156
20017 16 88 156
20017 17 88 156
20017 18 88 156
20017 19 88 156
20017 21 88 156
20017 8 82 156
20017 10 82 156
20017 11 82 156
20017 3 21 80
20017 4 21 80
20017 6 19 89
20017 7 19 89
20017 9 19 89
20017 20 21 80
7096 0 93 153
7096 1 93 153
7096 2 93 153
7096 3 93 153
7096 4 93 153
7096 5 93 153
7096 6 93 153
7096 7 93 153
7096 8 93 153
7096 9 93 153
7096 10 93 153
7096 11 93 153
7096 12 93 153
7096 13 93 153
7096 14 93 153
7096 15 93 153
7096 16 93 153
7096 17 93 153
16161 304 174 176
16161 305 174 193
16161 306 174 194
16161 307 174 196
16161 308 174 185
16161 309 174 119
16161 310 174 120
16161 311 174 82
16161 312 174 82
4000 0 35 63
4000 1 35 63
4000 10 31 62
4000 100 35 63
4000 101 35 63
4000 102 35 63
4000 103 35 63
4000 104 35 63
4000 105 35 63
4000 106 35 63
4000 123 36 63
4000 107 35 63
4000 108 35 63
4000 109 35 63
4000 11 35 63
4000 110 35 63
4000 111 26 62
4000 112 23 62
4000 113 37 61
4000 114 37 61
4000 115 35 62
4000 116 35 62
4000 117 30 62
4000 118 38 63
4000 119 35 63
4000 12 35 63
4000 120 38 63
4000 121 38 62
4000 147 40 62
4000 148 40 62
4000 13 35 63
4000 14 35 63
4000 149 32 40
4000 15 35 63
4000 16 35 63
4000 17 35 63
4000 18 35 63
4000 19 35 63
4000 2 35 63
4000 20 35 63
4000 21 35 63
4000 22 38 62
4000 23 35 62
4000 24 32 61
4000 25 35 62
4001 17 0 0
4000 26 35 62
4000 27 35 62
4000 28 33 62
4000 29 36 62
4000 3 35 63
4000 30 35 63
4000 124 35 63
4000 125 35 63
4000 143 35 60
4000 144 27 54
4000 145 27 54
4000 146 27 54
4000 126 35 63
4000 127 35 63
4000 128 35 63
4000 129 35 63
4000 130 35 63
4000 131 35 63
4000 132 35 63
4000 133 35 63
4000 134 35 63
4000 135 35 63
4000 136 35 63
4000 137 35 63
4000 138 35 63
4000 139 35 63
4000 140 35 63
4000 141 35 63
4000 142 35 63
4000 31 33 61
4000 32 35 62
4000 33 35 62
4000 34 27 62
4000 35 24 62
4000 36 30 61
4000 37 35 63
4000 38 34 62
4000 39 35 62
4000 4 35 63
4001 39 77 30
4001 40 124 120
4001 41 125 126
4001 42 122 136
4001 43 122 143
4001 44 122 144
4001 45 120 149
4001 46 122 157
4001 50 70 129
4001 51 70 131
4001 52 109 133
4001 53 109 119
4001 54 109 119
4001 56 79 96
4001 57 64 104
4001 58 81 112
4001 59 73 121
4001 60 110 160
4001 61 110 144
4001 62 109 140
4001 63 104 135
4001 64 98 129
4001 65 41 59
4000 40 28 62
4000 41 29 62
4000 42 35 63
4000 43 35 63
4000 44 30 63
4000 45 29 63
4000 46 35 63
4000 47 35 63
4000 48 35 63
4000 49 35 63
4000 5 35 63
4000 50 35 63
4000 51 35 63
4000 52 35 63
4000 53 35 63
4000 54 35 63
4000 55 35 63
4000 56 35 63
4000 57 35 63
4000 58 35 63
4000 59 35 63
4000 6 35 63
4000 60 35 63
4000 61 35 63
4000 62 35 30
4000 63 30 7
4000 122 0 34
4000 64 35 63
4000 65 35 63
4000 66 35 63
4000 67 35 63
4000 68 35 63
4000 69 35 63
4000 7 35 63
4000 70 35 62
4000 71 35 61
4000 72 35 62
4000 73 36 62
4000 74 35 62
4000 75 35 62
4000 76 16 62
4000 77 29 62
4000 78 35 63
4000 79 35 63
4000 8 35 63
4000 80 28 63
4000 81 28 63
4000 82 32 63
4000 83 35 63
4000 84 35 63
4000 85 25 62
4000 86 26 62
4000 87 30 62
4000 88 35 63
4001 0 31 169
4001 1 62 162
4001 2 85 157
4001 3 85 156
4001 4 82 156
4001 49 41 165
4001 5 63 162
4000 89 40 67
4000 9 35 63
4000 90 27 62
4000 91 31 62
4000 92 35 63
4000 93 35 63
4000 94 35 63
4000 150 34 59
4000 95 35 63
4000 96 35 63
4000 97 35 63
4000 98 35 63
4000 99 35 63
91 0 58 54
91 1 57 63
91 2 82 65
91 3 66 56
91 4 71 63
91 5 83 97
91 6 83 97
91 7 83 97
91 8 83 97
91 9 83 97
91 10 83 97
91 11 83 97
91 12 83 97
91 13 83 97
91 14 83 97
91 15 83 103
91 16 83 97
91 17 83 97
91 18 83 97
91 19 83 97
91 20 83 102
91 21 73 92
91 22 73 84
91 23 70 75
91 24 71 59
91 25 74 38
91 26 73 10
91 27 73 65513
91 28 73 65503
92 0 65489 18
92 1 65528 26
92 2 19 26
92 3 32 26
92 4 31 24
92 5 29 25
92 6 29 26
92 7 29 26
92 8 29 24
92 9 29 24
92 10 30 24
92 11 30 24
92 12 30 24
92 13 30 24
92 14 30 23
92 15 30 23
92 16 30 23
92 17 30 23
92 18 30 24
92 19 22 22
92 20 22 20
92 21 22 20
92 22 22 20
92 23 20 19
92 24 16 18
92 25 16 16
92 26 12 8
92 27 11 6
92 28 65431 65534
92 29 65402 65522
92 30 65390 65518
92 31 65390 65518
3008 21 63 158
3008 22 77 165
3008 23 78 163
3008 24 79 161
3008 25 78 161
3008 26 78 161
3008 27 82 160
3008 28 71 157
3008 29 72 154
3008 30 73 152
3008 31 43 124
93 0 17 95
93 1 13 89
93 2 14 89
93 3 13 89
93 4 13 89
93 5 13 90
93 6 14 90
93 7 13 90
93 9 65524 63
93 10 65525 65
93 11 65522 64
93 12 65519 64
93 13 65520 43
93 14 65518 43
93 15 65481 43
93 16 65515 43
1078 0 65520 180
1078 1 65530 224
1078 2 65532 228
1078 3 0 228
1078 4 65532 228
1078 5 65510 223
1078 6 65520 188
1078 7 0 168
1078 8 0 180
1078 9 12 196
1078 10 22 180
1078 11 16 196
1078 12 10 208
1078 13 65530 212
1078 14 65516 224
1078 15 65516 236
1078 16 65520 228
1078 17 65526 228
1078 18 65516 240
1078 19 65512 240
1078 20 65516 240
1078 21 65532 216
1078 22 0 196
1078 23 65526 204
1078 24 12 212
1079 0 65505 160
1079 1 65511 175
1079 2 65482 187
1079 3 65494 195
1079 4 65504 166
1079 5 65518 159
1079 6 65525 167
1079 7 65529 142
1079 8 65534 136
1079 9 65498 148
6009 0 440 152
6009 1 443 150
6009 2 456 150
6009 3 451 150
6009 4 451 150
6009 5 454 150
6009 6 456 168
6009 7 460 167
6009 8 463 154
6009 9 464 165
6009 10 467 166
6009 11 468 149
6009 12 472 149
6009 13 443 149
6009 14 443 148
6009 15 442 148
6009 16 440 148
6009 17 434 148
6009 18 436 149
6009 19 264 100
7073 0 93 123
7073 1 68 123
7073 2 69 128
7073 3 66 127
7073 4 65 125
7073 5 61 127
7073 6 58 128
7073 7 54 129
7073 8 49 131
7073 9 46 133
7073 10 24 113
7073 11 19 97
98 0 57 37
98 1 56 37
98 2 55 37
98 3 54 37
98 4 53 37
98 5 51 37
98 6 49 37
98 7 48 37
7076 0 16 23
7076 1 19 27
7076 2 25 35
7076 3 34 48
7076 4 56 79
7076 5 92 129
7076 6 126 184
7076 7 126 184
7076 8 126 184
7076 9 126 184
7076 10 126 184
7076 11 126 184
7076 12 126 184
7076 13 126 184
7076 14 126 184
7076 15 129 185
7076 16 129 185
7076 17 149 215
7076 18 177 208
7076 19 180 206
7076 20 175 215
7076 21 180 217
7076 22 182 216
7076 23 182 209
7076 24 184 203
7076 25 186 201
7076 26 175 190
7076 27 126 115
4001 6 174 168
4001 7 128 188
4001 8 128 183
4001 9 123 149
4001 10 128 149
4001 11 99 106
4001 12 101 103
4001 13 77 202
4001 14 105 274
4001 15 100 387
4001 16 121 36
4001 47 284 448
4001 48 313 483
4001 18 230 508
4001 19 187 23
4001 20 187 23
4001 21 187 23
4001 22 187 23
4001 23 187 23
4001 24 198 334
4001 25 198 334
4001 26 198 330
4001 27 210 334
4001 28 219 342
4001 29 221 347
4001 30 227 351
4001 37 228 357
4001 38 204 432
4001 31 228 357
4001 32 210 360
4001 33 210 345
4001 34 210 350
4001 35 217 362
4001 36 225 378
7070 8 4 5
7070 9 13 15
7070 10 14 9
7070 11 9 6
7070 12 8 5
7070 13 10 6
7070 14 8 5
7070 15 7 3
7070 16 5 3
7070 17 9 4
7070 18 4 3
7070 19 5 2
7070 20 5 3
7070 21 6 2
7070 22 4 2
7070 23 3 2
7070 24 65529 65530
7070 25 65525 65530
7070 26 65522 65528
7070 27 65522 65519
7070 28 65491 65507
7070 29 65466 65487
7070 30 65455 65474
7070 31 65446 65463
7075 33 245 469
7075 34 248 469
3050 0 110 112
3050 1 110 112
3050 2 110 112
3050 3 110 112
3050 4 110 112
3050 5 110 112
3050 6 110 112
3050 7 110 112
3050 8 110 112
3050 9 110 112
3050 10 110 112
3050 11 110 112
3050 12 110 112
3050 13 110 112
3050 14 110 112
3050 15 110 112
7075 35 249 469
7075 36 245 469
7075 37 238 469
7075 38 238 469
7075 39 189 469
7075 40 193 469
7001 5 114 187
7501 0 65509 682
7501 1 65510 688
7501 2 65523 683
7501 3 46 642
7501 4 92 353
7501 5 114 187
7510 0 144 82
7510 1 144 82
7510 2 144 82
7510 3 144 82
7530 0 44 280
7530 1 44 280
7530 2 44 280
7530 3 44 280
7530 4 44 280
7530 5 44 280
7530 6 44 280
7530 7 44 280
1222 0 261 195
1222 1 261 195
1222 2 261 195
1222 3 261 195
1222 4 261 195
1222 5 261 195
1222 6 261 195
1222 7 261 195
1222 8 261 195
1222 9 261 195
1222 10 261 195
1222 11 261 195
1222 12 261 195
1222 13 261 195
1222 14 261 195
1222 15 261 195
1222 16 261 195
1345 0 208 56
1345 1 308 72
1345 2 389 78
1345 3 459 90
1345 4 533 90
1345 5 531 94
1345 6 533 96
1345 7 526 96
1345 8 526 86
1345 9 512 90
1345 10 514 89
1345 11 516 89
8075 0 32 32
8075 1 39 59
8075 2 44 72
8075 3 45 92
8075 4 47 112
8075 5 47 122
8075 6 47 131
8075 7 47 134
8075 8 47 139
8075 9 50 141
3020 0 512 512
3020 1 512 512
3020 2 512 512
3020 3 512 512
3020 4 512 512
3020 5 512 512
3020 6 512 512
3020 7 512 512
3020 8 512 512
3020 9 512 512
3020 10 512 512
3020 11 512 512
3020 12 512 512
3020 13 512 512
3020 14 512 512
3020 15 512 512
3020 16 512 512
3020 17 512 512
3020 18 512 512
3020 19 512 512
3020 20 512 512
3020 21 512 512
3020 22 512 512
3020 23 512 512
3020 24 512 512
3020 25 512 512
3020 26 512 512
3020 27 512 512
3020 28 512 512
3020 29 512 512
3020 30 512 512
3020 31 512 512
3020 32 512 512
3020 33 512 512
3020 34 512 512
3020 35 512 512
3020 36 512 512
3020 37 512 512
3020 38 512 512
3020 39 512 512
3020 40 512 512
3020 41 512 512
3020 42 512 512
3020 43 512 512
3020 44 512 512
3020 45 512 512
3020 46 512 512
3020 47 512 512
3020 48 512 512
3020 49 512 512
3020 50 512 512
3020 51 512 512
3020 52 512 512
3020 53 512 512
3020 54 512 512
3020 55 512 512
3020 56 512 512
3020 57 512 512
3020 58 512 512
3020 59 512 512
3020 60 512 512
3020 61 512 512
3020 62 512 512
3020 63 512 512
8075 10 49 141
8075 11 51 141
8075 12 53 140
8075 13 47 125
55 0 78 50
20018 3 28 80
13001 0 560 484
13001 1 560 484
13001 2 560 484
13001 3 86 170
13001 4 560 484
13001 5 560 484
13001 6 560 484
13001 7 560 484
13001 8 560 484
8177 0 4 3
8177 1 4 2
8177 2 5 3
8177 3 7 13
8177 4 7 9
7092 0 161 155
7092 1 162 156
7092 2 160 158
7092 3 158 155
7092 4 157 153
7092 5 161 152
7092 6 160 152
7092 7 160 151
7092 8 161 150
7092 9 161 150
7092 10 161 149
7092 11 163 152
7092 12 162 158
7092 13 161 159
7092 14 157 160
7092 15 156 158
7092 16 155 160
7092 17 159 160
7092 18 162 156
0 1984 224 56
0 1985 221 59
0 1986 223 63
0 1987 206 66
0 1988 206 60
0 1989 211 62
0 1990 221 61
0 1991 229 59
0 1992 234 56
0 1993 240 56
4600 0 228 55
4600 1 318 53
4600 2 303 64
4600 3 285 73
4600 4 302 79
4600 5 325 81
4600 6 290 55
4600 7 130 34
4600 8 115 33
4601 0 132 190
4601 1 116 190
4601 2 95 189
4601 3 74 187
4601 4 65 165
4601 5 68 139
4601 6 69 64
4601 7 70 65521
4601 8 69 65454
4606 0 153 128
4606 1 171 193
4606 2 192 210
4606 3 206 206
4606 4 211 217
4606 5 217 226
4606 6 221 233
4606 7 172 241
1090 0 35 131
1090 1 41 202
1090 5 120 278
1090 6 127 298
1090 7 210 302
1090 8 223 298
1090 9 237 282
1090 10 241 291
1090 11 242 294
1090 12 241 294
1090 2 234 268
1090 3 169 150
1090 4 159 58
30117 0 184 328
30117 1 209 418
30117 2 212 386
30117 3 212 289
30117 4 200 232
1041 0 335 156
1041 1 335 156
1041 2 335 156
1041 3 335 156
1041 4 335 156
1041 5 335 156
8116 0 102 18
8116 1 111 23
8116 2 139 30
8116 3 159 34
8116 4 183 39
8116 5 186 54
1040 0 197 518
1040 1 197 518
1040 2 198 518
1040 3 197 518
1040 4 197 518
1040 5 198 518
30340 0 175 200
30340 1 182 194
30340 2 224 181
30340 3 225 172
30340 4 213 158
30340 5 217 174
30340 6 217 179
30340 7 193 179
10142 20 300 169
10142 21 300 169
10142 22 300 169
10142 23 300 169
10142 24 300 169
10142 25 300 169
10142 26 300 169
10142 27 300 169
10142 28 300 169
10142 29 300 169
10142 30 300 169
10142 31 300 169
10142 32 300 169
10142 33 300 169
10142 34 300 169
10142 35 300 169
10142 36 300 169
10142 37 300 169
10142 38 300 169
10142 39 300 169
10142 40 300 169
10142 41 300 169
10142 42 300 169
8012 3 301 51
5256 0 83 400
5256 1 180 400
5256 2 193 400
5256 3 157 400
5256 4 38 400
7187 0 301 81
7187 1 301 81
7187 2 301 81
7187 3 301 81
7187 4 301 81
7187 5 301 81
7187 6 301 81
7187 7 301 81
7188 0 241 75
30020 0 215 47
30020 1 220 48
30020 2 220 50
30020 3 218 48
30020 4 215 48
30020 5 205 47
30020 6 201 39
30020 7 191 40
30020 8 179 40
30020 9 169 39
30020 10 157 39
30014 0 119 121
30014 1 119 120
30014 2 119 120
30014 3 119 121
30046 0 269 98
30046 1 187 96
30046 2 230 96
30046 3 248 95
30046 4 257 93
30046 5 274 92
30046 6 277 91
30046 7 279 85
30046 8 282 65465
30046 9 282 65455
30046 10 280 65454
30046 11 278 65460
30050 0 129 128
30038 1 196 18
30038 2 179 105
30038 3 159 105
30038 4 149 105
30038 5 144 101
30039 0 147 144
30039 1 107 134
30039 2 141 105
30039 3 144 105
30039 4 144 105
30039 5 144 105
30039 6 144 105
1525 0 17 15
1526 0 104 120
1526 1 104 120
1526 5 104 120
1526 6 104 120
1526 7 104 120
1526 8 104 120
1526 9 104 120
1526 10 104 120
1526 11 104 120
1526 12 104 120
1526 2 104 120
1526 3 104 120
1526 4 104 120
8004 0 301 52
9050 0 84 95
9050 1 76 89
9050 2 80 101
9050 3 88 98
9050 4 96 103
9050 5 101 95
9050 6 106 104
9050 7 110 98
9050 8 113 96
9050 9 115 102
9050 10 117 101
9050 11 118 105
9050 12 119 103
9050 13 114 108
9050 14 115 101
9050 15 115 100
9050 16 112 98
9050 17 102 99
9050 18 102 101
9050 19 86 99
9050 20 85 91
7060 6 98 25
7060 7 120 72
7060 8 120 117
7060 9 113 139
7060 10 111 144
7060 11 111 149
7060 12 111 148
7060 13 110 146
7060 14 109 144
7060 15 107 141
7060 16 104 139
7060 17 103 135
7060 18 98 131
7060 19 92 126
7060 20 86 121
7060 21 80 116
7060 22 72 110
7060 23 64 103
7060 24 57 97
7060 25 46 89
7060 26 39 81
7060 27 29 73
7060 28 19 64
7060 29 6 54
7060 30 65525 44
7060 31 65507 34
7060 32 65489 23
7060 33 65461 11
30504 0 60 109
30504 1 100 182
30504 2 115 227
30504 3 127 260
30504 4 138 268
30504 6 155 298
30504 7 158 313
30504 8 158 327
30504 9 145 341
30504 10 149 351
30504 11 151 366
30504 12 141 370
30504 13 145 368
30504 14 147 368
1077 0 318 42
1077 1 318 42
1077 2 318 42
1077 3 318 42
1077 4 318 42
1077 5 318 42
1077 6 318 42
500 8 112 91
500 9 109 81
500 10 108 85
500 11 109 92
500 12 112 94
500 13 115 93
500 14 116 84
1022 0 72 214
1022 1 72 217
1022 2 73 218
1022 3 76 218
1022 4 76 225
1022 5 79 193
1022 6 75 209
1022 7 78 190
1022 8 83 195
1022 9 87 191
1022 10 92 189
1022 11 95 193
1022 12 74 187
1022 13 78 196
1022 14 80 193
1022 15 79 197
1022 16 94 191
1022 17 94 197
1022 18 94 195
1022 19 96 195
1022 20 96 193
1022 21 91 199
1022 22 81 206
1022 23 74 197
1022 24 77 192
1022 25 76 197
1022 26 79 198
1022 27 72 201
1022 28 74 195
1022 29 76 194
1022 30 74 196
1023 0 72 214
1023 1 72 217
1023 2 73 218
1023 3 76 218
1023 4 76 225
1023 5 79 193
1023 6 75 209
1023 7 78 190
1023 8 83 195
1023 9 87 191
1023 10 92 189
1023 11 95 193
1023 12 74 187
1023 13 78 196
1023 14 80 193
1023 15 79 197
1023 16 94 191
1023 17 94 197
1023 18 94 195
1023 19 96 195
1023 20 96 193
1023 21 91 199
1023 22 81 206
1023 23 74 197
1023 24 77 192
1023 25 76 197
1023 26 79 198
1023 27 72 201
1023 28 74 195
1023 29 76 194
1023 30 74 196
8125 0 43 19
8125 1 59 32
8125 2 69 39
8125 3 76 44
8125 4 84 46
8125 5 86 45
8125 6 88 44
8125 7 77 49
8125 8 81 50
8125 9 78 39
8125 10 77 29
8125 11 78 29
500 0 125 106
500 1 113 97
500 2 112 101
500 3 111 102
500 4 115 100
500 5 116 94
500 6 117 93
500 7 115 95
1128 1 185 187
1128 2 230 234
1128 3 272 276
1128 4 314 314
1128 5 347 346
1128 6 368 363
1128 7 378 374
1128 8 379 378
1128 9 378 377
1128 10 373 373
1128 11 363 363
1128 12 354 356
1128 13 330 340
1128 14 306 306
1118 0 94 92
1118 1 118 117
1118 2 166 209
1118 3 175 202
1118 4 205 220
1118 5 191 206
1059 6 167 171
1059 7 167 171
1059 8 194 171
1059 9 195 175
1059 10 172 176
1059 11 194 185
1059 12 178 159
1059 13 178 156
1059 14 179 159
1059 15 177 160
1059 16 177 162
1059 17 177 164
1059 18 177 166
1059 19 178 167
1059 20 177 170
1059 21 177 171
1059 22 177 172
1059 23 180 176
1059 24 194 176
1059 25 194 176
1059 26 194 177
1059 27 177 178
1059 28 178 178
1059 29 178 180
1059 30 178 189
1059 31 181 189
1059 32 187 173
1059 33 187 184
1059 34 181 184
1059 35 183 179
1059 36 189 182
1059 37 191 183
1059 38 195 184
1059 39 194 187
1059 40 198 187
1059 41 194 188
1059 42 195 185
1059 43 197 191
1059 44 197 191
1059 45 196 175
1059 46 196 175
1059 47 196 179
1059 48 196 179
1059 49 195 171
1059 50 196 174
1059 51 196 175
1059 52 195 178
1059 53 194 180
1059 54 194 180
1059 55 194 180
1059 56 191 183
1059 57 191 182
1059 58 187 178
1059 59 189 179
1059 60 189 179
1059 61 189 182
1059 62 188 182
1059 63 188 182
1059 64 188 187
1059 65 186 187
1059 66 186 186
1059 67 185 187
1059 68 184 161
1059 69 185 129
1059 70 187 127
1059 71 187 129
1059 72 183 128
1059 73 183 129
1059 74 183 129
1059 75 183 134
1059 76 183 134
1059 77 182 130
1059 78 182 130
1059 79 182 130
1059 80 182 130
1059 81 182 131
1059 82 181 132
1059 83 180 130
1059 84 178 130
1059 85 182 134
1059 86 181 135
1059 87 183 135
1059 88 185 136
1059 89 185 137
1059 90 185 138
1059 91 186 139
1059 92 187 141
1059 93 187 141
1059 94 188 141
1059 95 189 143
1059 96 188 143
1059 97 189 143
1059 98 189 144
1059 99 187 144
1059 100 186 146
1059 101 186 148
1059 102 186 148
1059 103 186 148
1059 104 186 148
1059 105 184 151
1059 106 183 151
20009 14 31 80
20009 9 120 186
10009 78 117 186
10009 81 117 193
20300 198 60 101
20300 199 60 101
10009 76 110 185
10009 75 148 207
3120 0 57 102
3120 1 57 102
3120 2 57 101
3120 3 57 100
3120 4 58 100
3120 5 58 101
3120 6 58 102
3120 7 58 107
3120 8 69 103
3120 9 68 103
3120 10 70 103
3120 11 64 103
3120 12 60 103
3120 13 62 100
3120 14 65 101
3120 15 63 100
3120 16 65 103
3120 17 65 103
3120 18 66 103
3120 19 65 103
3120 20 63 100
3120 21 61 95
3120 22 34 98
3120 23 34 98
3120 24 77 101
3120 25 69 100
3120 26 53 101
3120 27 52 103
3120 28 68 101
3120 29 63 104
3120 30 63 104
3120 31 63 100
3120 32 62 100
3120 33 22 100
3120 34 34 99
3120 35 40 99
3120 36 64 102
3120 37 75 106
3120 38 77 104
3120 39 75 102
3120 40 86 102
3120 41 58 100
3120 42 63 104
3120 43 63 104
3120 44 63 104
3120 45 63 104
3120 46 63 103
3120 47 67 104
3120 48 67 104
3120 49 67 104
3120 50 68 104
3120 51 68 104
3120 52 63 104
3120 53 63 104
3120 54 63 104
3120 55 63 104
3120 56 63 104
3120 57 63 104
3120 58 63 104
3120 59 65 110
3120 60 62 110
3120 61 65 110
3120 62 60 110
3120 63 63 104
3120 64 63 104
3120 65 63 104
3120 66 63 104
3120 67 63 104
3120 68 63 104
3500 0 63 101
3500 1 63 101
3500 2 63 101
3500 3 63 101
3500 4 57 102
3500 5 57 102
3500 6 57 102
3500 7 57 102
3500 8 58 102
3500 9 58 101
3500 10 58 101
3500 11 63 101
3500 12 65 102
3500 13 61 102
3500 14 62 102
3500 15 56 108
3500 16 61 101
3500 17 60 102
3500 18 63 103
3500 19 60 101
3500 20 63 101
3500 21 61 103
3500 22 62 100
3500 23 58 101
3500 24 64 101
3500 25 66 100
3500 26 63 101
3500 27 63 101
3500 28 66 101
3500 29 65 101
3500 30 63 101
3500 31 63 101
3500 32 46 103
3500 33 42 102
3500 34 84 101
3500 35 63 101
3500 36 63 101
3500 37 63 101
3500 38 63 101
3500 39 63 101
3500 40 63 101
3500 41 67 101
3500 42 63 101
3500 43 31 102
3500 44 30 101
3500 45 63 101
3500 46 63 101
3500 47 63 101
3500 48 63 101
3500 49 63 101
3500 50 63 101
3500 51 63 101
3500 52 78 103
3500 53 63 101
3500 54 66 101
3500 55 68 102
3500 56 62 104
3500 57 62 104
3500 58 62 104
3500 59 62 104
3500 60 62 104
3500 61 62 104
3500 62 63 101
3500 63 61 101
3500 64 63 101
3500 65 63 101
3500 66 63 101
3500 67 63 101
3500 68 65 100
3500 69 63 101
3500 70 57 107
3500 71 48 116
3500 72 59 109
3500 73 61 107
3500 74 63 108
3500 75 63 108
3500 76 63 101
3500 77 63 101
3500 78 63 101
3500 79 63 101
3500 80 63 101
3500 81 63 101
3500 82 63 101
3500 83 63 101
3500 84 63 101
3500 85 63 101
3500 86 63 101
3500 87 63 101
13 32 48 26
13 37 36 22
13 33 48 26
13 39 35 28
13 30 48 26
13 36 41 32
13 35 48 26
10009 51 13 32
2010 4 108 169
1209 0 133 118
1209 1 126 114
1209 2 119 106
1209 3 117 100
1560 0 177 208
1560 1 180 206
1560 2 175 215
1560 3 180 217
1560 4 182 216
1560 5 182 209
1560 6 184 203
1560 7 186 201
1560 8 175 190
1560 9 126 115
